0 0.7346405228758169 0.07662835249042146 0.8248366013071896 0.07662835249042146 0.8248366013071896 0.23908045977011497 0.7346405228758169 0.23908045977011497
0 0.6130718954248366 0.2743295019157088 0.7189542483660131 0.2743295019157088 0.7189542483660131 0.38620689655172413 0.6130718954248366 0.38620689655172413
0 0.5490196078431373 0.36015325670498083 0.6326797385620916 0.36015325670498083 0.6326797385620916 0.4796934865900383 0.5490196078431373 0.4796934865900383
0 0.41437908496732023 0.44444444444444436 0.49150326797385624 0.44444444444444436 0.49150326797385624 0.5532567049808428 0.41437908496732023 0.5532567049808428
0 0.30849673202614375 0.46130268199233715 0.4209150326797385 0.46130268199233715 0.4209150326797385 0.5624521072796934 0.30849673202614375 0.5624521072796934
0 0.21307189542483662 0.2681992337164751 0.322875816993464 0.2681992337164751 0.322875816993464 0.39080459770114945 0.21307189542483662 0.39080459770114945
0 0.1895424836601307 0.3708812260536398 0.3150326797385621 0.3708812260536398 0.3150326797385621 0.46283524904214557 0.1895424836601307 0.46283524904214557
0 0.11633986928104573 0.5363984674329502 0.24836601307189543 0.5363984674329502 0.24836601307189543 0.6375478927203064 0.11633986928104573 0.6375478927203064
0 0.21699346405228756 0.48429118773946356 0.3359477124183006 0.48429118773946356 0.3359477124183006 0.593103448275862 0.21699346405228756 0.593103448275862
0 0.22875816993464052 0.5931034482758621 0.34379084967320256 0.5931034482758621 0.34379084967320256 0.7049808429118773 0.22875816993464052 0.7049808429118773
0 0.3856209150326798 0.5409961685823754 0.4758169934640524 0.5409961685823754 0.4758169934640524 0.6850574712643679 0.3856209150326798 0.6850574712643679
0 0.1084967320261438 0.8153256704980842 0.2326797385620915 0.8153256704980842 0.2326797385620915 0.9409961685823754 0.1084967320261438 0.9409961685823754
0 0.330718954248366 0.8628352490421456 0.42614379084967324 0.8628352490421456 0.42614379084967324 1 0.330718954248366 1
0 0.7111111111111111 0.7662835249042146 0.8052287581699347 0.7662835249042146 0.8052287581699347 0.9241379310344827 0.7111111111111111 0.9241379310344827
0 0.8104575163398694 0.6773946360153257 0.912418300653595 0.6773946360153257 0.912418300653595 0.8076628352490421 0.8104575163398694 0.8076628352490421
0 0.7437908496732026 0.6421455938697319 0.8771241830065358 0.6421455938697319 0.8771241830065358 0.735632183908046 0.7437908496732026 0.735632183908046
0 0.7346405228758169 0.5731800766283525 0.8222222222222222 0.5731800766283525 0.8222222222222222 0.6452107279693486 0.7346405228758169 0.6452107279693486
0 0.8143790849673204 0.5333333333333333 0.8888888888888888 0.5333333333333333 0.8888888888888888 0.6666666666666666 0.8143790849673204 0.6666666666666666
0 0.8784313725490196 0.5854406130268199 0.9973856209150327 0.5854406130268199 0.9973856209150327 0.7049808429118773 0.8784313725490196 0.7049808429118773