1 0.5790831295843522 0.4098419540229885 0.7939731051344744 0.4098419540229885 0.7939731051344744 0.6745258620689656 0.5790831295843522 0.6745258620689656
1 0.07206601466992665 0.41137931034482755 0.3062713936430318 0.41137931034482755 0.3062713936430318 0.6881609195402298 0.07206601466992665 0.6881609195402298
0 0.018007334963325183 0.013606321839080459 0.08878973105134474 0.013606321839080459 0.08878973105134474 0.06501436781609195 0.018007334963325183 0.06501436781609195
0 0.26381418092909537 -0.000014367816091953718 0.32557457212713936 -0.000014367816091953718 0.32557457212713936 0.030244252873563214 0.26381418092909537 0.030244252873563214
0 0.22905867970660146 0.178448275862069 0.28311735941320293 0.178448275862069 0.28311735941320293 0.25408045977011495 0.22905867970660146 0.25408045977011495
0 0.2406356968215159 0.1073706896551724 0.30239608801955986 0.1073706896551724 0.30239608801955986 0.1769396551724138 0.2406356968215159 0.1769396551724138
0 0.22647921760391201 0.06955459770114943 0.31528117359413205 0.06955459770114943 0.31528117359413205 0.12400862068965518 0.22647921760391201 0.12400862068965518
0 0.1415525672371638 0.14670977011494252 0.1891564792176039 0.14670977011494252 0.1891564792176039 0.207198275862069 0.1415525672371638 0.207198275862069
0 0.021882640586797068 0.23139367816091955 0.08750611246943765 0.23139367816091955 0.08750611246943765 0.29642241379310347 0.021882640586797068 0.29642241379310347
0 0.12223716381418093 0.2510632183908046 0.17243276283618583 0.2510632183908046 0.17243276283618583 0.32818965517241383 0.12223716381418093 0.32818965517241383
0 0 0.3236494252873563 0.061760391198044017 0.3236494252873563 0.061760391198044017 0.37658045977011495 0 0.37658045977011495
0 0.10036674816625918 0.33725574712643674 0.1775794621026895 0.33725574712643674 0.1775794621026895 0.38716954022988503 0.10036674816625918 0.38716954022988503
0 0.18017114914425428 0.2722270114942529 0.22134474327628362 0.2722270114942529 0.22134474327628362 0.35541666666666666 0.18017114914425428 0.35541666666666666
0 0.1763080684596577 0.23291666666666663 0.23420537897310514 0.23291666666666663 0.23420537897310514 0.28283045977011495 0.1763080684596577 0.28283045977011495
0 0.31526894865525673 0.09982758620689655 0.3667359413202934 0.09982758620689655 0.3667359413202934 0.17091954022988504 0.31526894865525673 0.17091954022988504
0 0.3422982885085575 0.058979885057471274 0.4027872860635697 0.058979885057471274 0.4027872860635697 0.11492816091954024 0.3422982885085575 0.11492816091954024
0 0.4194987775061124 0.15123563218390806 0.47482885085574567 0.15123563218390806 0.47482885085574567 0.2087068965517241 0.4194987775061124 0.2087068965517241
0 0.4349511002444988 0.10739942528735633 0.5018704156479218 0.10739942528735633 0.5018704156479218 0.1588074712643678 0.4349511002444988 0.1588074712643678
0 0.44008557457212716 0.03629310344827586 0.4864180929095354 0.03629310344827586 0.4864180929095354 0.10887931034482759 0.44008557457212716 0.10887931034482759
0 0.4683985330073349 0.14064655172413795 0.5224572127139364 0.14064655172413795 0.5224572127139364 0.21475574712643677 0.4683985330073349 0.21475574712643677
0 0.7527872860635696 0.030244252873563214 0.8016870415647921 0.030244252873563214 0.8016870415647921 0.0937787356321839 0.7527872860635696 0.0937787356321839
0 0.7811002444987775 0.2389655172413793 0.8338630806845966 0.2389655172413793 0.8338630806845966 0.31459770114942526 0.7811002444987775 0.31459770114942526
0 0.7219193154034229 0.29339080459770117 0.7695232273838631 0.29339080459770117 0.7695232273838631 0.36902298850574716 0.7219193154034229 0.36902298850574716
0 0.5314547677261614 0.26012931034482756 0.5906479217603912 0.26012931034482756 0.5906479217603912 0.3387787356321839 0.5314547677261614 0.3387787356321839
0 0.44011002444987773 0.2480316091954023 0.5121638141809292 0.2480316091954023 0.5121638141809292 0.311566091954023 0.44011002444987773 0.311566091954023
0 0.33457212713936424 0.23594827586206896 0.39119804400978 0.23594827586206896 0.39119804400978 0.30399425287356324 0.33457212713936424 0.30399425287356324
0 0.24707823960880199 0.3901867816091954 0.29468215158924205 0.3901867816091954 0.29468215158924205 0.4537212643678161 0.24707823960880199 0.4537212643678161
0 0.27924205378973105 0.3417959770114942 0.34100244498777504 0.3417959770114942 0.34100244498777504 0.39320402298850576 0.27924205378973105 0.39320402298850576
0 0.17372860635696818 0.3735632183908046 0.23292176039119805 0.3735632183908046 0.23292176039119805 0.4204597701149425 0.17372860635696818 0.4204597701149425
0 0.12096577017114914 0.4295258620689656 0.19301955990220046 0.4295258620689656 0.19301955990220046 0.4885201149425287 0.12096577017114914 0.4885201149425287
0 0.03089242053789731 0.4189511494252874 0.07336185819070905 0.4189511494252874 0.07336185819070905 0.4990948275862069 0.03089242053789731 0.4990948275862069
0 0.05662591687041565 0.5520114942528735 0.12097799511002445 0.5520114942528735 0.12097799511002445 0.6276436781609195 0.05662591687041565 0.6276436781609195
0 0.07591687041564793 0.6336925287356322 0.13381418092909536 0.6336925287356322 0.13381418092909536 0.6987212643678161 0.07591687041564793 0.6987212643678161
0 0.04888753056234719 0.7274712643678161 0.11194376528117359 0.7274712643678161 0.11194376528117359 0.7894827586206897 0.04888753056234719 0.7894827586206897
0 0.23292176039119805 0.5611063218390804 0.2753911980440098 0.5611063218390804 0.2753911980440098 0.6397557471264368 0.23292176039119805 0.6397557471264368
0 0.2522127139364303 0.4839655172413794 0.30367970660146704 0.4839655172413794 0.30367970660146704 0.5172413793103449 0.2522127139364303 0.5172413793103449
0 0.29724938875305623 0.44616379310344834 0.3525794621026894 0.44616379310344834 0.3525794621026894 0.5111925287356323 0.29724938875305623 0.5111925287356323
0 0.4207946210268949 0.43558908045977013 0.4915770171149144 0.43558908045977013 0.4915770171149144 0.4960775862068966 0.4207946210268949 0.4960775862068966
0 0.3114058679706601 0.5580747126436781 0.3628728606356968 0.5580747126436781 0.3628728606356968 0.6261206896551724 0.3114058679706601 0.6261206896551724
0 0.3345843520782396 0.49455459770114946 0.3860513447432763 0.49455459770114946 0.3860513447432763 0.5535488505747126 0.3345843520782396 0.5535488505747126
0 0.36287286063569685 0.5505172413793104 0.41306845965770167 0.5505172413793104 0.41306845965770167 0.6231034482758621 0.36287286063569685 0.6231034482758621
0 0.41177261613691934 0.6488074712643678 0.46196821515892417 0.6488074712643678 0.46196821515892417 0.7123419540229885 0.41177261613691934 0.7123419540229885
0 0.41179706601467 0.5777442528735632 0.47998777506112467 0.5777442528735632 0.47998777506112467 0.641278735632184 0.41179706601467 0.641278735632184
0 0.47227383863080685 0.5429597701149425 0.5301711491442543 0.5429597701149425 0.5301711491442543 0.5822701149425287 0.47227383863080685 0.5822701149425287
0 0.21233496332518337 0.6594109195402299 0.26380195599022005 0.6594109195402299 0.26380195599022005 0.7622557471264367 0.21233496332518337 0.7622557471264367
0 0.26636919315403423 0.6382327586206897 0.31270171149144255 0.6382327586206897 0.31270171149144255 0.7214224137931035 0.26636919315403423 0.7214224137931035
0 0.14155256723716383 0.7652873563218391 0.18529339853300733 0.7652873563218391 0.18529339853300733 0.8514942528735632 0.14155256723716383 0.8514942528735632
0 0.20974327628361858 0.7849281609195401 0.2599388753056235 0.7849281609195401 0.2599388753056235 0.8696120689655172 0.20974327628361858 0.8696120689655172
0 0.13768948655256724 0.9573563218390804 0.18915647921760392 0.9573563218390804 0.18915647921760392 1 0.13768948655256724 1
0 0.2740953545232274 0.8726580459770115 0.3371515892420538 0.8726580459770115 0.3371515892420538 0.9331465517241379 0.2740953545232274 0.9331465517241379
0 0.3435819070904645 0.8908045977011494 0.39118581907090466 0.8908045977011494 0.39118581907090466 0.9633908045977011 0.3435819070904645 0.9633908045977011
0 0.4040709046454768 0.9301436781609196 0.47485330073349635 0.9301436781609196 0.47485330073349635 0.9981896551724136 0.4040709046454768 0.9981896551724136
0 0.41051344743276286 0.8136637931034484 0.4684107579462103 0.8136637931034484 0.4684107579462103 0.8877729885057472 0.41051344743276286 0.8877729885057472
0 0.33842298288508554 0.725948275862069 0.39248166259168704 0.725948275862069 0.39248166259168704 0.8030747126436782 0.33842298288508554 0.8030747126436782
0 0.27922982885085573 0.7062787356321839 0.3216992665036675 0.7062787356321839 0.3216992665036675 0.7803879310344827 0.27922982885085573 0.7803879310344827
0 0.3191320293398533 0.6805603448275861 0.37059902200489003 0.6805603448275861 0.37059902200489003 0.7440948275862069 0.3191320293398533 0.7440948275862069
0 0.40920537897310516 0.7229310344827586 0.4645354523227384 0.7229310344827586 0.4645354523227384 0.7894827586206897 0.40920537897310516 0.7894827586206897
0 0.4516748166259169 0.7335057471264368 0.5018704156479217 0.7335057471264368 0.5018704156479217 0.7955172413793105 0.4516748166259169 0.7955172413793105
0 0.45682151589242054 0.6654454022988505 0.5095843520782396 0.6654454022988505 0.5095843520782396 0.7304741379310344 0.45682151589242054 0.7304741379310344
0 0.5083007334963325 0.6276436781609195 0.5636308068459658 0.6276436781609195 0.5636308068459658 0.6956896551724138 0.5083007334963325 0.6956896551724138
0 0.5185941320293399 0.7063074712643679 0.5777872860635697 0.7063074712643679 0.5777872860635697 0.7864511494252874 0.5185941320293399 0.7864511494252874
0 0.5752200488997554 0.6457902298850574 0.6176894865525672 0.6457902298850574 0.6176894865525672 0.7244396551724137 0.5752200488997554 0.7244396551724137
0 0.5829217603911981 0.7440948275862069 0.6575672371638142 0.7440948275862069 0.6575672371638142 0.8091235632183907 0.5829217603911981 0.8091235632183907
0 0.541760391198044 0.8212212643678162 0.5996577017114915 0.8212212643678162 0.5996577017114915 0.8802155172413793 0.541760391198044 0.8802155172413793
0 0.5572004889975549 0.9150143678160918 0.6112591687041564 0.9150143678160918 0.6112591687041564 0.9845833333333333 0.5572004889975549 0.9845833333333333
0 0.5919437652811735 0.8847413793103448 0.646002444987775 0.8847413793103448 0.646002444987775 0.9422126436781609 0.5919437652811735 0.9422126436781609
0 0.6112591687041564 0.8136637931034484 0.662726161369193 0.8136637931034484 0.662726161369193 0.8786925287356323 0.6112591687041564 0.8786925287356323
0 0.7103300733496334 0.8635775862068966 0.7733863080684596 0.8635775862068966 0.7733863080684596 0.9225718390804598 0.7103300733496334 0.9225718390804598
0 0.7232151589242054 0.9422413793103449 0.7669559902200489 0.9422413793103449 0.7669559902200489 0.9951724137931034 0.7232151589242054 0.9951724137931034
0 0.7849755501222493 0.9316379310344827 0.8313080684596577 0.9316379310344827 0.8313080684596577 0.9891091954022988 0.7849755501222493 0.9891091954022988
0 0.9110757946210268 0.830301724137931 0.9509779951100246 0.830301724137931 0.9509779951100246 0.8802155172413793 0.9110757946210268 0.8802155172413793
0 0.9290953545232273 0.8968534482758621 0.9702689486552568 0.8968534482758621 0.9702689486552568 0.9482614942528735 0.9290953545232273 0.9482614942528735
0 0.8107212713936431 0.698735632183908 0.8621882640586797 0.698735632183908 0.8621882640586797 0.774367816091954 0.8107212713936431 0.774367816091954
0 0.6948899755501222 0.7017385057471265 0.7592420537897311 0.7017385057471265 0.7592420537897311 0.7561925287356323 0.6948899755501222 0.7561925287356323
0 0.8994865525672371 0.5792385057471264 0.9522493887530563 0.5792385057471264 0.9522493887530563 0.6442672413793104 0.8994865525672371 0.6442672413793104
0 0.940684596577017 0.51875 0.9934474327628362 0.51875 0.9934474327628362 0.5686637931034483 0.940684596577017 0.5686637931034483
0 0.9471149144254278 0.3508764367816092 0.9882885085574573 0.3508764367816092 0.9882885085574573 0.43556034482758615 0.9471149144254278 0.43556034482758615
0 0.8325794621026895 0.34028735632183904 0.8827750611246944 0.34028735632183904 0.8827750611246944 0.4264942528735632 0.8325794621026895 0.4264942528735632
0 0.7605134474327627 0.37508620689655175 0.8132762836185818 0.37508620689655175 0.8132762836185818 0.4476724137931034 0.7605134474327627 0.4476724137931034
0 0.85059902200489 0.5308620689655172 0.9007946210268949 0.5308620689655172 0.9007946210268949 0.5883333333333334 0.85059902200489 0.5883333333333334
0 0.784963325183374 0.4552442528735632 0.8248655256723717 0.4552442528735632 0.8248655256723717 0.500617816091954 0.784963325183374 0.500617816091954
0 0.8210024449877751 0.4461637931034482 0.8583129584352078 0.4461637931034482 0.8583129584352078 0.5066522988505747 0.8210024449877751 0.5066522988505747
0 0.8518826405867971 0.4658333333333334 0.9007823960880196 0.4658333333333334 0.9007823960880196 0.5096839080459771 0.8518826405867971 0.5096839080459771
0 0.7476528117359413 0.6155316091954023 0.8094132029339853 0.6155316091954023 0.8094132029339853 0.679066091954023 0.7476528117359413 0.679066091954023
0 0.7617970660146699 0.5716954022988505 0.8209902200488998 0.5716954022988505 0.8209902200488998 0.6246264367816092 0.7617970660146699 0.6246264367816092
0 0.7630806845965771 0.5293390804597702 0.8235696821515893 0.5293390804597702 0.8235696821515893 0.5686494252873564 0.7630806845965771 0.5686494252873564
0 0.7064669926650367 0.6019396551724138 0.7656601466992666 0.6019396551724138 0.7656601466992666 0.6533477011494252 0.7064669926650367 0.6533477011494252
0 0.656283618581907 0.6019396551724138 0.7090464547677262 0.6019396551724138 0.7090464547677262 0.6563936781609195 0.656283618581907 0.6563936781609195
0 0.5932273838630807 0.536896551724138 0.6421271393643032 0.536896551724138 0.6421271393643032 0.5898275862068966 0.5932273838630807 0.5898275862068966