1 0.1564076923076923 0.5424528301886793 0.3089769230769231 0.5424528301886793 0.3089769230769231 0.7358490566037735 0.1564076923076923 0.7358490566037735
1 0.49743076923076923 0.5597452830188678 0.6358923076923076 0.5597452830188678 0.6358923076923076 0.7358396226415095 0.49743076923076923 0.7358396226415095
1 0.7987153846153847 0.5660283018867924 0.9346076923076924 0.5660283018867924 0.9346076923076924 0.7389905660377358 0.7987153846153847 0.7389905660377358
0 0.02984615384615385 0.01830188679245283 0.07033846153846153 0.01830188679245283 0.07033846153846153 0.07449056603773585 0.02984615384615385 0.07449056603773585
0 0.053292307692307694 0.000009433962264152418 0.09910769230769231 0.000009433962264152418 0.09910769230769231 0.0405188679245283 0.053292307692307694 0.0405188679245283
0 0.06926153846153847 0.05097169811320755 0.10763076923076924 0.05097169811320755 0.10763076923076924 0.09280188679245284 0.06926153846153847 0.09280188679245284
0 0.07992307692307692 0.015688679245283017 0.11721538461538461 0.015688679245283017 0.11721538461538461 0.06404716981132076 0.07992307692307692 0.06404716981132076
0 0.0010692307692307683 0.16074528301886795 0.017053846153846156 0.16074528301886795 0.017053846153846156 0.21170754716981133 0.0010692307692307683 0.21170754716981133
0 0.00426923076923077 0.12415094339622641 0.049023076923076926 0.12415094339622641 0.049023076923076926 0.1698867924528302 0.00426923076923077 0.1698867924528302
0 0.22804615384615384 0.000009433962264149067 0.2685384615384615 0.000009433962264149067 0.2685384615384615 0.05097169811320755 0.22804615384615384 0.05097169811320755
0 0.3463307692307692 0 0.38896153846153847 0 0.38896153846153847 0.03135849056603774 0.3463307692307692 0.03135849056603774
0 0.011730769230769229 0.19212264150943398 0.05328461538461538 0.19212264150943398 0.05328461538461538 0.2404811320754717 0.011730769230769229 0.2404811320754717
0 0.04368461538461538 0.16075471698113206 0.09163846153846153 0.16075471698113206 0.09163846153846153 0.2038867924528302 0.04368461538461538 0.2038867924528302
0 0.08097692307692307 0.11893396226415094 0.1150846153846154 0.11893396226415094 0.1150846153846154 0.17382075471698114 0.08097692307692307 0.17382075471698114
0 0.11402307692307694 0.08495283018867925 0.16197692307692307 0.08495283018867925 0.16197692307692307 0.12546226415094341 0.11402307692307694 0.12546226415094341
0 0.14493076923076922 0.03135849056603773 0.18648461538461536 0.03135849056603773 0.18648461538461536 0.07841509433962264 0.14493076923076922 0.07841509433962264
0 0.15025384615384615 0.10325471698113207 0.1864846153846154 0.10325471698113207 0.1864846153846154 0.15421698113207546 0.15025384615384615 0.15421698113207546
0 0.1545153846153846 0.18428301886792453 0.19606923076923075 0.18428301886792453 0.19606923076923075 0.24832075471698115 0.1545153846153846 0.24832075471698115
0 0.1673076923076923 0.1411509433962264 0.2174 0.1411509433962264 0.2174 0.19081132075471696 0.1673076923076923 0.19081132075471696
0 0.18008461538461537 0.08886792452830188 0.2227153846153846 0.08886792452830188 0.2227153846153846 0.13852830188679247 0.18008461538461537 0.13852830188679247
0 0.17689230769230768 0.056198113207547175 0.21738461538461537 0.056198113207547175 0.21738461538461537 0.09670754716981132 0.17689230769230768 0.09670754716981132
0 0 0.26922641509433964 0.03196923076923077 0.26922641509433964 0.03196923076923077 0.3188867924528302 0 0.3188867924528302
0 0.03729999999999999 0.379 0.08205384615384616 0.379 0.08205384615384616 0.43911320754716987 0.03729999999999999 0.43911320754716987
0 0.000007692307692306162 0.4430377358490566 0.03623846153846154 0.4430377358490566 0.03623846153846154 0.4887735849056604 0.000007692307692306162 0.4887735849056604
0 0.08204615384615384 0.23000943396226414 0.1204153846153846 0.23000943396226414 0.1204153846153846 0.29274528301886793 0.08204615384615384 0.29274528301886793
0 0.20886923076923078 0.12416037735849056 0.2536230769230769 0.12416037735849056 0.2536230769230769 0.17644339622641508 0.20886923076923078 0.17644339622641508
0 0.1960769230769231 0.19864150943396228 0.2418923076923077 0.19864150943396228 0.2418923076923077 0.24830188679245283 0.1960769230769231 0.24830188679245283
0 0.2323 0.07186792452830189 0.2717307692307692 0.07186792452830189 0.2717307692307692 0.1189245283018868 0.2323 0.1189245283018868
0 0.2664076923076923 0.09017924528301888 0.31436153846153847 0.09017924528301888 0.31436153846153847 0.14506603773584906 0.2664076923076923 0.14506603773584906
0 0.3612538461538462 0.08233962264150943 0.40600769230769235 0.08233962264150943 0.40600769230769235 0.13984905660377359 0.3612538461538462 0.13984905660377359
0 0.3708461538461539 0.058811320754716984 0.42838461538461536 0.058811320754716984 0.42838461538461536 0.1019433962264151 0.3708461538461539 0.1019433962264151
0 0.42093076923076916 0.0405188679245283 0.46568461538461536 0.0405188679245283 0.46568461538461536 0.08234905660377359 0.42093076923076916 0.08234905660377359
0 0.42624615384615383 0.18297169811320754 0.4614153846153846 0.18297169811320754 0.4614153846153846 0.23785849056603772 0.42624615384615383 0.23785849056603772
0 0.42625384615384615 0.1581320754716981 0.4795307692307692 0.1581320754716981 0.4795307692307692 0.2038679245283019 0.42625384615384615 0.2038679245283019
0 0.45395384615384615 0.1110943396226415 0.49124615384615383 0.1110943396226415 0.49124615384615383 0.16728301886792452 0.45395384615384615 0.16728301886792452
0 0.47100769230769235 0.05097169811320755 0.5104384615384616 0.05097169811320755 0.5104384615384616 0.10585849056603774 0.47100769230769235 0.10585849056603774
0 0.4933923076923077 0.11761320754716982 0.526423076923077 0.11761320754716982 0.526423076923077 0.16597169811320756 0.4933923076923077 0.16597169811320756
0 0.5093615384615385 0.05882075471698113 0.5434692307692308 0.05882075471698113 0.5434692307692308 0.11370754716981132 0.5093615384615385 0.11370754716981132
0 0.07673076923076921 0.5018490566037735 0.1385307692307692 0.5018490566037735 0.1385307692307692 0.5515094339622642 0.07673076923076921 0.5515094339622642
0 0.0959 0.4456509433962264 0.14385384615384614 0.4456509433962264 0.14385384615384614 0.49400943396226416 0.0959 0.49400943396226416
0 0.11507692307692308 0.4038301886792453 0.16516923076923076 0.4038301886792453 0.16516923076923076 0.4508867924528302 0.11507692307692308 0.4508867924528302
0 0.14066153846153845 0.3463301886792453 0.17795384615384616 0.3463301886792453 0.17795384615384616 0.40121698113207543 0.14066153846153845 0.40121698113207543
0 0.18968461538461537 0.3241132075471698 0.2259153846153846 0.3241132075471698 0.2259153846153846 0.3698490566037736 0.18968461538461537 0.3698490566037736
0 0.20886923076923075 0.2561509433962264 0.24190000000000003 0.2561509433962264 0.24190000000000003 0.3424150943396227 0.20886923076923075 0.3424150943396227
0 0.23976153846153847 0.22479245283018864 0.28239230769230766 0.22479245283018864 0.28239230769230766 0.27052830188679244 0.23976153846153847 0.27052830188679244
0 0.2728076923076923 0.1659811320754717 0.30583846153846156 0.1659811320754717 0.30583846153846156 0.22216981132075472 0.2728076923076923 0.22216981132075472
0 0.5647769230769231 0.03921698113207547 0.5988846153846153 0.03921698113207547 0.5988846153846153 0.09410377358490567 0.5647769230769231 0.09410377358490567
0 0.5445307692307693 0.10193396226415094 0.5807615384615384 0.10193396226415094 0.5807615384615384 0.16074528301886792 0.5445307692307693 0.16074528301886792
0 0.5807692307692308 0.10978301886792453 0.6159384615384615 0.10978301886792453 0.6159384615384615 0.17512264150943396 0.5807692307692308 0.17512264150943396
0 0.5946230769230769 0.04574528301886792 0.6287307692307692 0.04574528301886792 0.6287307692307692 0.08625471698113207 0.5946230769230769 0.08625471698113207
0 0.5956846153846154 0.00391509433962264 0.6383153846153846 0.00391509433962264 0.6383153846153846 0.045745283018867926 0.5956846153846154 0.045745283018867926
0 0.6148615384615385 0.1280754716981132 0.6500307692307692 0.1280754716981132 0.6500307692307692 0.16728301886792452 0.6148615384615385 0.16728301886792452
0 0.6234 0.09801886792452831 0.6638923076923078 0.09801886792452831 0.6638923076923078 0.13722641509433964 0.6234 0.13722641509433964
0 0.6308615384615385 0.04183018867924529 0.6681538461538462 0.04183018867924529 0.6681538461538462 0.0810377358490566 0.6308615384615385 0.0810377358490566
0 0.6596230769230769 0.11108490566037736 0.695853846153846 0.11108490566037736 0.695853846153846 0.1633679245283019 0.6596230769230769 0.1633679245283019
0 0.6542923076923076 0.07057547169811319 0.6809384615384616 0.07057547169811319 0.6809384615384616 0.1045566037735849 0.6542923076923076 0.1045566037735849
0 0.34846923076923075 0.1620566037735849 0.3847 0.1620566037735849 0.3847 0.21956603773584904 0.34846923076923075 0.21956603773584904
0 0.30051538461538463 0.22216981132075475 0.33674615384615386 0.22216981132075475 0.33674615384615386 0.2796792452830189 0.30051538461538463 0.2796792452830189
0 0.30156923076923076 0.2888301886792453 0.33886153846153844 0.2888301886792453 0.33886153846153844 0.3358867924528302 0.30156923076923076 0.3358867924528302
0 0.16623846153846156 0.39467924528301884 0.2195153846153846 0.39467924528301884 0.2195153846153846 0.452188679245283 0.16623846153846156 0.452188679245283
0 0.23337692307692307 0.4704905660377358 0.2696076923076923 0.4704905660377358 0.2696076923076923 0.5345283018867923 0.23337692307692307 0.5345283018867923
0 0.23124615384615385 0.41559433962264153 0.27813846153846156 0.41559433962264153 0.27813846153846156 0.4639528301886793 0.23124615384615385 0.4639528301886793
0 0.28452307692307693 0.38683962264150945 0.3218153846153846 0.38683962264150945 0.3218153846153846 0.44565094339622646 0.28452307692307693 0.44565094339622646
0 0.31116153846153843 0.4038396226415094 0.3473923076923077 0.4038396226415094 0.3473923076923077 0.4665754716981132 0.31116153846153843 0.4665754716981132
0 0.0010692307692307696 0.5528207547169811 0.031976923076923076 0.5528207547169811 0.031976923076923076 0.6011792452830189 0.0010692307692307696 0.6011792452830189
0 0.03836153846153846 0.5358396226415094 0.08099230769230768 0.5358396226415094 0.08099230769230768 0.5868018867924528 0.03836153846153846 0.5868018867924528
0 0.09803076923076923 0.5985566037735848 0.1364 0.5985566037735848 0.1364 0.6508396226415094 0.09803076923076923 0.6508396226415094
0 0.04582307692307692 0.7200943396226416 0.08737692307692307 0.7200943396226416 0.08737692307692307 0.7880566037735849 0.04582307692307692 0.7880566037735849
0 0 0.8939245283018868 0.04901538461538461 0.8939245283018868 0.04901538461538461 0.9475094339622642 0 0.9475094339622642
0 0 0.8377264150943396 0.03196923076923077 0.8377264150943396 0.03196923076923077 0.9004622641509434 0 0.9004622641509434
0 0.013853846153846156 0.8050566037735848 0.05540769230769231 0.8050566037735848 0.05540769230769231 0.8664905660377359 0.013853846153846156 0.8664905660377359
0 0.0341 0.7880566037735848 0.07885384615384616 0.7880566037735848 0.07885384615384616 0.8520943396226416 0.0341 0.8520943396226416
0 0.08311538461538462 0.9083018867924529 0.12466923076923077 0.9083018867924529 0.12466923076923077 0.9788679245283021 0.08311538461538462 0.9788679245283021
0 0.13319999999999999 0.8978490566037736 0.1768923076923077 0.8978490566037736 0.1768923076923077 0.965811320754717 0.13319999999999999 0.965811320754717
0 0.15024615384615386 0.8599528301886793 0.19713846153846157 0.8599528301886793 0.19713846153846157 0.9187641509433963 0.15024615384615386 0.9187641509433963
0 0.11083076923076922 0.7880566037735849 0.15452307692307693 0.7880566037735849 0.15452307692307693 0.8455660377358492 0.11083076923076922 0.8455660377358492
0 0.16836923076923077 0.7475471698113207 0.20353846153846156 0.7475471698113207 0.20353846153846156 0.8037358490566037 0.16836923076923077 0.8037358490566037
0 0.1950076923076923 0.8050566037735849 0.24296153846153848 0.8050566037735849 0.24296153846153848 0.8625660377358491 0.1950076923076923 0.8625660377358491
0 0.2024692307692308 0.9566509433962264 0.25682307692307693 0.9566509433962264 0.25682307692307693 0.9999905660377358 0.2024692307692308 0.9999905660377358
0 0.24828461538461538 0.9069811320754717 0.2845153846153846 0.9069811320754717 0.2845153846153846 0.9644905660377359 0.24828461538461538 0.9644905660377359
0 0.29091538461538463 0.8926132075471698 0.32714615384615386 0.8926132075471698 0.32714615384615386 0.9618773584905661 0.29091538461538463 0.9618773584905661
0 0.3378 0.9148301886792453 0.3729692307692308 0.9148301886792453 0.3729692307692308 0.9749433962264151 0.3378 0.9749433962264151
0 0.35485384615384613 0.8795377358490566 0.4081307692307693 0.8795377358490566 0.4081307692307693 0.9318207547169811 0.35485384615384613 0.9318207547169811
0 0.3889538461538462 0.8089716981132076 0.44116923076923076 0.8089716981132076 0.44116923076923076 0.8599339622641509 0.3889538461538462 0.8599339622641509
0 0.27173846153846154 0.7959056603773584 0.3069076923076923 0.7959056603773584 0.3069076923076923 0.8494905660377358 0.27173846153846154 0.8494905660377358
0 0.2983692307692308 0.6769716981132076 0.33353846153846156 0.6769716981132076 0.33353846153846156 0.7397075471698114 0.2983692307692308 0.7397075471698114
0 0.15877692307692307 0.6821981132075472 0.20033076923076923 0.6821981132075472 0.20033076923076923 0.7488584905660378 0.15877692307692307 0.7488584905660378
0 0.1705 0.6299245283018868 0.21205384615384618 0.6299245283018868 0.21205384615384618 0.6978867924528301 0.1705 0.6978867924528301
0 0.20886923076923075 0.6743679245283019 0.2600230769230769 0.6743679245283019 0.2600230769230769 0.714877358490566 0.20886923076923075 0.714877358490566
0 0.2642846153846154 0.6338490566037736 0.2973153846153846 0.6338490566037736 0.2973153846153846 0.6913584905660378 0.2642846153846154 0.6913584905660378
0 0.29730769230769233 0.6260094339622642 0.3442 0.6260094339622642 0.3442 0.6678396226415094 0.29730769230769233 0.6678396226415094
0 0.276 0.5541320754716981 0.32821538461538463 0.5541320754716981 0.32821538461538463 0.6103207547169811 0.276 0.6103207547169811
0 0.15770769230769233 0.5711037735849057 0.20779999999999998 0.5711037735849057 0.20779999999999998 0.6129339622641509 0.15770769230769233 0.6129339622641509
0 0.20459999999999998 0.5475849056603773 0.26321538461538463 0.5475849056603773 0.26321538461538463 0.5946415094339623 0.20459999999999998 0.5946415094339623
0 0.2600153846153846 0.5227641509433962 0.29838461538461536 0.5227641509433962 0.29838461538461536 0.5881037735849056 0.2600153846153846 0.5881037735849056
0 0.18861538461538463 0.4796320754716981 0.2323076923076923 0.4796320754716981 0.2323076923076923 0.5319150943396227 0.18861538461538463 0.5319150943396227
0 0.3100923076923077 0.49792452830188677 0.35378461538461536 0.49792452830188677 0.35378461538461536 0.555433962264151 0.3100923076923077 0.555433962264151
0 0.3868153846153846 0.5423679245283018 0.4219846153846154 0.5423679245283018 0.4219846153846154 0.5972547169811321 0.3868153846153846 0.5972547169811321
0 0.3836230769230769 0.48616981132075476 0.42625384615384615 0.48616981132075476 0.42625384615384615 0.5423584905660377 0.3836230769230769 0.5423584905660377
0 0.4198538461538462 0.46917924528301885 0.4678076923076923 0.46917924528301885 0.4678076923076923 0.5279905660377359 0.4198538461538462 0.5279905660377359
0 0.4198615384615384 0.5802641509433961 0.45715384615384613 0.5802641509433961 0.45715384615384613 0.6521509433962264 0.4198615384615384 0.6521509433962264
0 0.4624923076923077 0.5214622641509434 0.4997846153846154 0.5214622641509434 0.4997846153846154 0.5841981132075472 0.4624923076923077 0.5841981132075472
0 0.3633692307692308 0.670433962264151 0.40173846153846154 0.670433962264151 0.40173846153846154 0.7344716981132076 0.3633692307692308 0.7344716981132076
0 0.3921615384615385 0.6534528301886793 0.43371538461538467 0.6534528301886793 0.43371538461538467 0.7174905660377359 0.3921615384615385 0.7174905660377359
0 0.4422307692307693 0.6482358490566038 0.4944461538461538 0.6482358490566038 0.4944461538461538 0.7279528301886793 0.4422307692307693 0.7279528301886793
0 0.46354615384615383 0.7240188679245283 0.499776923076923 0.7240188679245283 0.499776923076923 0.7815283018867926 0.46354615384615383 0.7815283018867926
0 0.4955230769230769 0.7083396226415094 0.5360153846153847 0.7083396226415094 0.5360153846153847 0.7697735849056604 0.4955230769230769 0.7697735849056604
0 0.4699461538461539 0.8168113207547171 0.5179 0.8168113207547171 0.5179 0.8703962264150944 0.4699461538461539 0.8703962264150944
0 0.4795307692307692 0.9213584905660378 0.5210846153846154 0.9213584905660378 0.5210846153846154 0.9827924528301887 0.4795307692307692 0.9827924528301887
0 0.5040461538461538 0.8808584905660378 0.5445384615384616 0.8808584905660378 0.5445384615384616 0.9396698113207547 0.5040461538461538 0.9396698113207547
0 0.520023076923077 0.8181226415094339 0.5562538461538461 0.8181226415094339 0.5562538461538461 0.8873867924528301 0.520023076923077 0.8873867924528301
0 0.5818307692307693 0.9017641509433962 0.6287230769230769 0.9017641509433962 0.6287230769230769 0.9540471698113209 0.5818307692307693 0.9540471698113209
0 0.5573230769230769 0.8076698113207547 0.5956923076923077 0.8076698113207547 0.5956923076923077 0.8560283018867925 0.5573230769230769 0.8560283018867925
0 0.4624846153846154 0.6286320754716981 0.5189615384615386 0.6286320754716981 0.5189615384615386 0.658688679245283 0.4624846153846154 0.658688679245283
0 0.513623076923077 0.5711132075471698 0.5477307692307692 0.5711132075471698 0.5477307692307692 0.6181698113207548 0.513623076923077 0.6181698113207548
0 0.5051153846153846 0.6416792452830188 0.5466692307692307 0.6416792452830188 0.5466692307692307 0.699188679245283 0.5051153846153846 0.699188679245283
0 0.5509307692307692 0.6717452830188679 0.6074076923076923 0.6717452830188679 0.6074076923076923 0.7161792452830188 0.5509307692307692 0.7161792452830188
0 0.42624615384615383 0.3463301886792453 0.4816615384615384 0.3463301886792453 0.4816615384615384 0.394688679245283 0.42624615384615383 0.394688679245283
0 0.42838461538461536 0.2561603773584906 0.472076923076923 0.2561603773584906 0.472076923076923 0.31104716981132075 0.42838461538461536 0.31104716981132075
0 0.48059230769230765 0.22870754716981131 0.5115000000000001 0.22870754716981131 0.5115000000000001 0.27706603773584904 0.48059230769230765 0.27706603773584904
0 0.5104307692307692 0.24308490566037733 0.550923076923077 0.24308490566037733 0.550923076923077 0.3162735849056604 0.5104307692307692 0.3162735849056604
0 0.526423076923077 0.2012547169811321 0.567976923076923 0.2012547169811321 0.567976923076923 0.24961320754716984 0.526423076923077 0.24961320754716984
0 0.5647923076923077 0.26007547169811324 0.5946230769230769 0.26007547169811324 0.5946230769230769 0.3136603773584905 0.5647923076923077 0.3136603773584905
0 0.5733076923076924 0.33978301886792456 0.617 0.33978301886792456 0.617 0.392066037735849 0.5733076923076924 0.392066037735849
0 0.4656769230769231 0.3920660377358491 0.5146923076923077 0.3920660377358491 0.5146923076923077 0.4430283018867925 0.4656769230769231 0.4430283018867925
0 0.5424076923076923 0.42996226415094346 0.5818384615384615 0.42996226415094346 0.5818384615384615 0.4835471698113208 0.5424076923076923 0.4835471698113208
0 0.5296230769230769 0.5149245283018868 0.565853846153846 0.5149245283018868 0.565853846153846 0.5685094339622642 0.5296230769230769 0.5685094339622642
0 0.5669153846153846 0.5305943396226416 0.5999461538461539 0.5305943396226416 0.5999461538461539 0.5894056603773584 0.5669153846153846 0.5894056603773584
0 0.5626615384615384 0.496622641509434 0.5999538461538462 0.496622641509434 0.5999538461538462 0.5358301886792453 0.5626615384615384 0.5358301886792453
0 0.6148692307692307 0.6273207547169811 0.6596230769230769 0.6273207547169811 0.6596230769230769 0.6586792452830189 0.6148692307692307 0.6586792452830189
0 0.6372461538461539 0.7096509433962265 0.6809384615384616 0.7096509433962265 0.6809384615384616 0.761933962264151 0.6372461538461539 0.761933962264151
0 0.6479 0.6835094339622642 0.6926538461538462 0.6835094339622642 0.6926538461538462 0.7227169811320754 0.6479 0.7227169811320754
0 0.6372461538461538 0.6573773584905661 0.6756153846153846 0.6573773584905661 0.6756153846153846 0.6965849056603773 0.6372461538461538 0.6965849056603773
0 0.6137999999999999 0.7736886792452831 0.6489692307692307 0.7736886792452831 0.6489692307692307 0.8390283018867924 0.6137999999999999 0.8390283018867924
0 0.6223307692307692 0.8495 0.6649615384615385 0.8495 0.6649615384615385 0.9004622641509434 0.6223307692307692 0.9004622641509434
0 0.6511 0.8102924528301887 0.6873307692307692 0.8102924528301887 0.6873307692307692 0.8651792452830189 0.6511 0.8651792452830189
0 0.6820076923076923 0.7867452830188678 0.7235615384615385 0.7867452830188678 0.7235615384615385 0.8390283018867924 0.6820076923076923 0.8390283018867924
0 0.6905230769230769 0.7593018867924528 0.7288923076923077 0.7593018867924528 0.7288923076923077 0.8128867924528301 0.6905230769230769 0.8128867924528301
0 0.6734769230769231 0.8926132075471699 0.7086461538461538 0.8926132075471699 0.7086461538461538 0.9514245283018867 0.6734769230769231 0.9514245283018867
0 0.7374076923076923 0.9083018867924528 0.7768384615384615 0.9083018867924528 0.7768384615384615 0.9553584905660378 0.7374076923076923 0.9553584905660378
0 0.7512692307692308 0.8704056603773584 0.7811 0.8704056603773584 0.7811 0.9109150943396227 0.7512692307692308 0.9109150943396227
0 0.7736384615384616 0.8808490566037736 0.807746153846154 0.8808490566037736 0.807746153846154 0.9383584905660377 0.7736384615384616 0.9383584905660377
0 0.7896384615384615 0.9252924528301887 0.8290692307692309 0.9252924528301887 0.8290692307692309 0.9736509433962266 0.7896384615384615 0.9736509433962266
0 0.8343846153846154 0.9409622641509434 0.8727538461538463 0.9409622641509434 0.8727538461538463 0.9984716981132077 0.8343846153846154 0.9984716981132077
0 0.9590692307692308 0.8507924528301887 0.9931769230769232 0.8507924528301887 0.9931769230769232 0.9109056603773585 0.9590692307692308 0.9109056603773585
0 0.8961923076923076 0.7985188679245283 0.9207000000000001 0.7985188679245283 0.9207000000000001 0.8638584905660377 0.8961923076923076 0.8638584905660377
0 0.9217692307692308 0.8050471698113207 0.9686615384615385 0.8050471698113207 0.9686615384615385 0.8494811320754716 0.9217692307692308 0.8494811320754716
0 0.847176923076923 0.7854528301886792 0.8866076923076924 0.7854528301886792 0.8866076923076924 0.8351132075471699 0.847176923076923 0.8351132075471699
0 0.7459384615384616 0.6965754716981132 0.7896307692307692 0.6965754716981132 0.7896307692307692 0.7553867924528301 0.7459384615384616 0.7553867924528301
0 0.7118384615384615 0.6390849056603773 0.7629923076923076 0.6390849056603773 0.7629923076923076 0.6795943396226415 0.7118384615384615 0.6795943396226415
0 0.7192999999999999 0.5632641509433962 0.7619307692307692 0.5632641509433962 0.7619307692307692 0.6103207547169812 0.7192999999999999 0.6103207547169812
0 0.6191384615384615 0.5345283018867925 0.6681538461538462 0.5345283018867925 0.6681538461538462 0.5776603773584906 0.6191384615384615 0.5776603773584906
0 0.6084846153846154 0.4770188679245283 0.6500384615384615 0.4770188679245283 0.6500384615384615 0.5371320754716982 0.6084846153846154 0.5371320754716982
0 0.617 0.42474528301886794 0.6521692307692308 0.42474528301886794 0.6521692307692308 0.47963207547169806 0.617 0.47963207547169806
0 0.6404461538461538 0.33849056603773586 0.6788153846153846 0.33849056603773586 0.6788153846153846 0.3999245283018868 0.6404461538461538 0.3999245283018868
0 0.6766769230769232 0.3737641509433962 0.7203692307692308 0.3737641509433962 0.7203692307692308 0.42212264150943396 0.6766769230769232 0.42212264150943396
0 0.6500384615384616 0.2587641509433962 0.6862692307692307 0.2587641509433962 0.6862692307692307 0.3136509433962264 0.6500384615384616 0.3136509433962264
0 0.6915846153846154 0.0784056603773585 0.7299538461538462 0.0784056603773585 0.7299538461538462 0.12023584905660378 0.6915846153846154 0.12023584905660378
0 0.6809461538461539 0.22479245283018867 0.7225 0.22479245283018867 0.7225 0.278377358490566 0.6809461538461539 0.278377358490566
0 0.6745384615384615 0.1764245283018868 0.7097076923076923 0.1764245283018868 0.7097076923076923 0.22870754716981131 0.6745384615384615 0.22870754716981131
0 0.7107769230769231 0.16335849056603777 0.7523307692307692 0.16335849056603777 0.7523307692307692 0.20649056603773586 0.7107769230769231 0.20649056603773586
0 0.7171692307692307 0.12546226415094341 0.7523384615384615 0.12546226415094341 0.7523384615384615 0.1633679245283019 0.7171692307692307 0.1633679245283019
0 0.7555307692307692 0.1699056603773585 0.8002846153846153 0.1699056603773585 0.8002846153846153 0.21564150943396226 0.7555307692307692 0.21564150943396226
0 0.7651230769230769 0.2457075471698113 0.8024153846153845 0.2457075471698113 0.8024153846153845 0.2901415094339623 0.7651230769230769 0.2901415094339623
0 0.7843076923076924 0.20779245283018868 0.8280000000000001 0.20779245283018868 0.8280000000000001 0.25092452830188683 0.7843076923076924 0.25092452830188683
0 0.7768384615384615 0.15683018867924528 0.8077461538461538 0.15683018867924528 0.8077461538461538 0.19996226415094337 0.7768384615384615 0.19996226415094337
0 0.7480769230769231 0.10064150943396227 0.7832461538461538 0.10064150943396227 0.7832461538461538 0.15030188679245282 0.7480769230769231 0.15030188679245282
0 0.7768538461538462 0.003915094339622643 0.8098846153846155 0.003915094339622643 0.8098846153846155 0.05227358490566037 0.7768538461538462 0.05227358490566037
0 0.7928384615384614 0.11500943396226414 0.8226692307692308 0.11500943396226414 0.8226692307692308 0.16597169811320753 0.7928384615384614 0.16597169811320753
0 0.7800384615384616 0.07318867924528302 0.8247923076923077 0.07318867924528302 0.8247923076923077 0.11632075471698113 0.7800384615384616 0.11632075471698113
0 0.8237307692307692 0.20518867924528303 0.8663615384615384 0.20518867924528303 0.8663615384615384 0.25092452830188683 0.8237307692307692 0.25092452830188683
0 0.8162692307692309 0.16204716981132075 0.857823076923077 0.16204716981132075 0.857823076923077 0.19995283018867926 0.8162692307692309 0.19995283018867926
0 0.8173461538461538 0.10716037735849057 0.8589 0.10716037735849057 0.8589 0.1555188679245283 0.8173461538461538 0.1555188679245283
0 0.8311923076923077 0.06795283018867924 0.870623076923077 0.06795283018867924 0.870623076923077 0.10978301886792453 0.8311923076923077 0.10978301886792453
0 0.8311923076923077 0.04050943396226415 0.8727461538461538 0.04050943396226415 0.8727461538461538 0.07579245283018868 0.8311923076923077 0.07579245283018868
0 0.8279923076923078 0.006528301886792455 0.8727461538461538 0.006528301886792455 0.8727461538461538 0.04181132075471698 0.8279923076923078 0.04181132075471698
0 0.906853846153846 0.0039245283018867925 0.9366846153846154 0.0039245283018867925 0.9366846153846154 0.03660377358490566 0.906853846153846 0.03660377358490566
0 0.9324307692307692 0.014367924528301887 0.9708 0.014367924528301887 0.9708 0.04834905660377359 0.9324307692307692 0.04834905660377359
0 0.8684846153846154 0.16335849056603777 0.9079153846153848 0.16335849056603777 0.9079153846153848 0.20649056603773586 0.8684846153846154 0.20649056603773586
0 0.8684846153846154 0.10977358490566037 0.9047153846153845 0.10977358490566037 0.9047153846153845 0.15290566037735848 0.8684846153846154 0.15290566037735848
0 0.8738076923076924 0.08363207547169811 0.9047153846153845 0.08363207547169811 0.9047153846153845 0.1176132075471698 0.8738076923076924 0.1176132075471698
0 0.904723076923077 0.11369811320754718 0.9313692307692307 0.11369811320754718 0.9313692307692307 0.1529056603773585 0.904723076923077 0.1529056603773585
0 0.9164384615384614 0.08363207547169813 0.9494692307692307 0.08363207547169813 0.9494692307692307 0.13199056603773585 0.9164384615384614 0.13199056603773585
0 0.937753846153846 0.0875566037735849 0.976123076923077 0.0875566037735849 0.976123076923077 0.12806603773584907 0.937753846153846 0.12806603773584907
0 0.9601307692307691 0.05880188679245284 0.9846384615384615 0.05880188679245284 0.9846384615384615 0.11108490566037736 0.9601307692307691 0.11108490566037736
0 0.7182384615384616 0.3162735849056604 0.7544692307692308 0.3162735849056604 0.7544692307692308 0.3711603773584905 0.7182384615384616 0.3711603773584905
0 0.7747153846153846 0.3607075471698113 0.8226692307692308 0.3607075471698113 0.8226692307692308 0.40514150943396227 0.7747153846153846 0.40514150943396227
0 0.7310153846153846 0.4064528301886793 0.7864307692307693 0.4064528301886793 0.7864307692307693 0.45611320754716983 0.7310153846153846 0.45611320754716983
0 0.8120076923076922 0.39731132075471703 0.8461153846153846 0.39731132075471703 0.8461153846153846 0.4482735849056604 0.8120076923076922 0.4482735849056604
0 0.8226615384615384 0.482245283018868 0.8610307692307694 0.482245283018868 0.8610307692307694 0.5358301886792453 0.8226615384615384 0.5358301886792453
0 0.8610384615384616 0.43259433962264154 0.9057923076923077 0.43259433962264154 0.9057923076923077 0.47702830188679246 0.8610384615384616 0.47702830188679246
0 0.7661923076923076 0.5279811320754717 0.8077461538461538 0.5279811320754717 0.8077461538461538 0.5711132075471698 0.7661923076923076 0.5711132075471698
0 0.8194692307692307 0.5724150943396227 0.8525 0.5724150943396227 0.8525 0.6194716981132077 0.8194692307692307 0.6194716981132077
0 0.8407923076923076 0.5279811320754717 0.870623076923077 0.5279811320754717 0.870623076923077 0.595943396226415 0.8407923076923076 0.595943396226415
0 0.8684923076923078 0.5410566037735849 0.8940615384615385 0.5410566037735849 0.8940615384615385 0.6011698113207548 0.8684923076923078 0.6011698113207548
0 0.8034846153846154 0.7109622641509434 0.8450384615384615 0.7109622641509434 0.8450384615384615 0.7540943396226415 0.8034846153846154 0.7540943396226415
0 0.7896230769230769 0.6665188679245283 0.8322538461538462 0.6665188679245283 0.8322538461538462 0.7044245283018868 0.7896230769230769 0.7044245283018868
0 0.8109384615384616 0.6351603773584905 0.8429076923076922 0.6351603773584905 0.8429076923076922 0.673066037735849 0.8109384615384616 0.673066037735849
0 0.850376923076923 0.7357830188679245 0.8844846153846155 0.7357830188679245 0.8844846153846155 0.7762924528301887 0.850376923076923 0.7762924528301887
0 0.8514307692307691 0.6821981132075472 0.8898 0.6821981132075472 0.8898 0.7201037735849057 0.8514307692307691 0.7201037735849057
0 0.893 0.6482264150943396 0.9281692307692306 0.6482264150943396 0.9281692307692306 0.6978867924528303 0.893 0.6978867924528303
0 0.8972692307692306 0.5946415094339622 0.9271 0.5946415094339622 0.9271 0.6521509433962264 0.8972692307692306 0.6521509433962264
0 0.9281615384615386 0.6011698113207548 0.9590692307692308 0.6011698113207548 0.9590692307692308 0.6626037735849055 0.9281615384615386 0.6626037735849055
0 0.9462769230769231 0.6874245283018868 0.9835692307692309 0.6874245283018868 0.9835692307692309 0.7292547169811321 0.9462769230769231 0.7292547169811321
0 0.8834076923076922 0.7318584905660377 0.9132384615384616 0.7318584905660377 0.9132384615384616 0.7658396226415094 0.8834076923076922 0.7658396226415094
0 0.9313615384615385 0.7514622641509433 0.9654692307692309 0.7514622641509433 0.9654692307692309 0.7998207547169811 0.9313615384615385 0.7998207547169811
0 0.983576923076923 0.6952830188679245 0.9999923076923077 0.6952830188679245 0.9999923076923077 0.7305660377358492 0.983576923076923 0.7305660377358492
0 0.9782461538461537 0.644311320754717 1 0.644311320754717 1 0.6887452830188678 0.9782461538461537 0.6887452830188678
0 0.9409538461538461 0.5423584905660377 0.9814461538461537 0.5423584905660377 0.9814461538461537 0.5894150943396227 0.9409538461538461 0.5894150943396227
0 0.9217769230769232 0.47963207547169806 0.9665307692307692 0.47963207547169806 0.9665307692307692 0.5201415094339623 0.9217769230769232 0.5201415094339623
0 0.9409461538461539 0.4443584905660377 0.9835769230769231 0.4443584905660377 0.9835769230769231 0.5044716981132076 0.9409461538461539 0.5044716981132076
0 0.9462846153846153 0.40252830188679245 0.9857153846153847 0.40252830188679245 0.9857153846153847 0.4482641509433962 0.9462846153846153 0.4482641509433962
0 0.9643999999999998 0.3842264150943396 1 0.3842264150943396 1 0.423433962264151 0.9643999999999998 0.423433962264151
0 0.9111153846153847 0.379 0.9526692307692308 0.379 0.9526692307692308 0.4221320754716981 0.9111153846153847 0.4221320754716981
0 0.8674230769230769 0.3567830188679245 0.9068538461538462 0.3567830188679245 0.9068538461538462 0.4077452830188679 0.8674230769230769 0.4077452830188679
0 0.9238999999999999 0.3567924528301887 0.9601307692307691 0.3567924528301887 0.9601307692307691 0.4064528301886792 0.9238999999999999 0.4064528301886792
0 0.937753846153846 0.3228113207547169 0.9750461538461538 0.3228113207547169 0.9750461538461538 0.379 0.937753846153846 0.379
0 0.9739923076923076 0.31366037735849056 1.0000076923076924 0.31366037735849056 1.0000076923076924 0.3607169811320755 0.9739923076923076 0.3607169811320755
0 0.8876692307692308 0.2849056603773585 0.9153769230769231 0.2849056603773585 0.9153769230769231 0.33456603773584903 0.8876692307692308 0.33456603773584903
0 0.9303000000000001 0.27967924528301885 0.9718538461538462 0.27967924528301885 0.9718538461538462 0.32673584905660374 0.9303000000000001 0.32673584905660374
0 0.9590692307692308 0.24700943396226413 0.9952999999999999 0.24700943396226413 0.9952999999999999 0.2979716981132075 0.9590692307692308 0.2979716981132075
0 0.8034769230769231 0.275754716981132 0.8301230769230769 0.275754716981132 0.8301230769230769 0.3319433962264151 0.8034769230769231 0.3319433962264151
0 0.830123076923077 0.2953584905660378 0.8652923076923076 0.2953584905660378 0.8652923076923076 0.33456603773584903 0.830123076923077 0.33456603773584903
0 0.8791461538461538 0.2287169811320755 0.9185769230769232 0.2287169811320755 0.9185769230769232 0.2679245283018868 0.8791461538461538 0.2679245283018868
0 0.9238923076923077 0.19864150943396228 0.9707846153846154 0.19864150943396228 0.9707846153846154 0.2378490566037736 0.9238923076923077 0.2378490566037736
0 0.9601307692307691 0.16858490566037734 0.9995615384615385 0.16858490566037734 0.9995615384615385 0.21564150943396224 0.9601307692307691 0.21564150943396224
0 0.4699615384615385 0.31431132075471696 0.5240999999999999 0.31431132075471696 0.5240999999999999 0.36202830188679247 0.4699615384615385 0.36202830188679247