0 0.6430697674418604 0.11255319148936171 0.7522790697674419 0.11255319148936171 0.7522790697674419 0.17886524822695038 0.6430697674418604 0.17886524822695038
1 0.5783720930232559 0.2266312056737588 0.9828372093023255 0.2266312056737588 0.9828372093023255 0.78322695035461 0.5783720930232559 0.78322695035461
0 0.8857441860465116 0.17111702127659573 0.9666279069767442 0.17111702127659573 0.9666279069767442 0.27597517730496457 0.8857441860465116 0.27597517730496457
0 0.24874418604651163 0.04778368794326241 0.36400000000000005 0.04778368794326241 0.36400000000000005 0.1325709219858156 0.24874418604651163 0.1325709219858156
0 0.10923255813953488 0.13721631205673757 0.21234883720930234 0.13721631205673757 0.21234883720930234 0.22356382978723405 0.10923255813953488 0.22356382978723405
0 0.03237209302325581 0.14340425531914897 0.10316279069767442 0.14340425531914897 0.10316279069767442 0.21893617021276596 0.03237209302325581 0.21893617021276596
0 0.273 0.12028368794326241 0.3842093023255814 0.12028368794326241 0.3842093023255814 0.19581560283687943 0.273 0.19581560283687943
0 0.32965116279069767 0.201968085106383 0.4408604651162791 0.201968085106383 0.4408604651162791 0.28058510638297873 0.32965116279069767 0.28058510638297873
0 0.12132558139534882 0.2574822695035461 0.21234883720930234 0.2574822695035461 0.21234883720930234 0.38081560283687943 0.12132558139534882 0.38081560283687943
0 0.19009302325581395 0.2852482269503546 0.2993023255813953 0.2852482269503546 0.2993023255813953 0.3854609929078014 0.19009302325581395 0.3854609929078014
0 0.23053488372093023 0.5273049645390071 0.3498372093023256 0.5273049645390071 0.3498372093023256 0.5920567375886525 0.23053488372093023 0.5920567375886525
0 0.2932093023255814 0.6737588652482269 0.3862325581395349 0.6737588652482269 0.3862325581395349 0.7739716312056737 0.2932093023255814 0.7739716312056737
0 0.2871627906976744 0.6028191489361703 0.38827906976744186 0.6028191489361703 0.38827906976744186 0.6829964539007093 0.2871627906976744 0.6829964539007093
0 0.2001860465116279 0.6429432624113475 0.28511627906976744 0.6429432624113475 0.28511627906976744 0.7724468085106383 0.2001860465116279 0.7724468085106383
0 0.3498372093023256 0.7169326241134752 0.461046511627907 0.7169326241134752 0.461046511627907 0.809450354609929 0.3498372093023256 0.809450354609929
0 0.22446511627906976 0.7986347517730497 0.35590697674418603 0.7986347517730497 0.35590697674418603 0.8726418439716312 0.22446511627906976 0.8726418439716312
0 0.1253720930232558 0.851063829787234 0.22848837209302325 0.851063829787234 0.22848837209302325 0.9528368794326241 0.1253720930232558 0.9528368794326241
0 0.37818604651162785 0.8788120567375887 0.4772558139534884 0.8788120567375887 0.4772558139534884 0.9589893617021277 0.37818604651162785 0.9589893617021277
0 0.6976744186046512 0.8187056737588653 0.7987906976744187 0.8187056737588653 0.7987906976744187 0.8911524822695036 0.6976744186046512 0.8911524822695036
0 0.7279999999999999 0.9019326241134751 0.8270697674418604 0.9019326241134751 0.8270697674418604 0.9821099290780141 0.7279999999999999 0.9821099290780141
0 0.7583255813953488 0.8572340425531915 0.8594418604651163 0.8572340425531915 0.8594418604651163 0.9158156028368793 0.7583255813953488 0.9158156028368793
0 0.7178837209302326 0.6367553191489361 0.800813953488372 0.6367553191489361 0.800813953488372 0.6984219858156028 0.7178837209302326 0.6984219858156028
0 0.6410697674418604 0.5458156028368794 0.7482325581395349 0.5458156028368794 0.7482325581395349 0.6213475177304965 0.6410697674418604 0.6213475177304965
1 0.271 0.2929432624113475 0.6147674418604652 0.2929432624113475 0.6147674418604652 0.5951418439716312 0.271 0.5951418439716312
0 0.29727906976744184 0.37310283687943263 0.3721162790697674 0.37310283687943263 0.3721162790697674 0.4810106382978724 0.29727906976744184 0.4810106382978724
0 0.7704651162790698 0.6737588652482269 0.8574418604651163 0.6737588652482269 0.8574418604651163 0.8048226950354609 0.7704651162790698 0.8048226950354609
0 0.8190000000000001 0.6845567375886524 0.8938372093023255 0.6845567375886524 0.8938372093023255 0.7570035460992908 0.8190000000000001 0.7570035460992908
0 0.810953488372093 0.6383156028368795 0.9059767441860465 0.6383156028368795 0.9059767441860465 0.6938120567375886 0.810953488372093 0.6938120567375886
0 0.8938372093023255 0.610531914893617 0.9585348837209303 0.610531914893617 0.9585348837209303 0.7045744680851064 0.8938372093023255 0.7045744680851064
0 0.7724883720930233 0.5704609929078014 0.8452790697674418 0.5704609929078014 0.8452790697674418 0.6645035460992907 0.7724883720930233 0.6645035460992907
0 0.8412558139534884 0.5257446808510639 0.9039534883720931 0.5257446808510639 0.9039534883720931 0.6197872340425532 0.8412558139534884 0.6197872340425532
0 0.8655116279069768 0.48257092198581564 0.9484418604651162 0.48257092198581564 0.9484418604651162 0.5504078014184397 0.8655116279069768 0.5504078014184397
0 0.7826279069767442 0.47641843971631215 0.8716046511627907 0.47641843971631215 0.8716046511627907 0.535 0.7826279069767442 0.535
0 0.6693720930232557 0.4563652482269504 0.7745348837209303 0.4563652482269504 0.7745348837209303 0.5118617021276596 0.6693720930232557 0.5118617021276596
0 0.7644186046511627 0.35462765957446807 0.8493488372093022 0.35462765957446807 0.8493488372093022 0.4332446808510639 0.7644186046511627 0.4332446808510639
0 0.8817209302325583 0.3098936170212766 0.9504651162790697 0.3098936170212766 0.9504651162790697 0.403936170212766 0.8817209302325583 0.403936170212766