1 0.05283018867924523 0.17962264150943394 0.810062893081761 0.17962264150943394 0.810062893081761 0.8241509433962264 0.05283018867924523 0.8241509433962264
1 0.7723270440251573 0.30490566037735856 1 0.30490566037735856 1 0.6792452830188679 0.7723270440251573 0.6792452830188679
0 0.24654088050314463 0.07245283018867925 0.3924528301886792 0.07245283018867925 0.3924528301886792 0.17207547169811319 0.24654088050314463 0.17207547169811319
0 0.4251572327044025 0.10415094339622641 0.6138364779874214 0.10415094339622641 0.6138364779874214 0.1811320754716981 0.4251572327044025 0.1811320754716981
0 0.45534591194968554 0 0.6264150943396226 0 0.6264150943396226 0.06943396226415094 0.45534591194968554 0.06943396226415094
0 0.46540880503144655 0.18716981132075472 0.6415094339622641 0.18716981132075472 0.6415094339622641 0.2732075471698113 0.46540880503144655 0.2732075471698113
0 0.5433962264150943 0.39094339622641505 0.7446540880503145 0.39094339622641505 0.7446540880503145 0.4362264150943396 0.5433962264150943 0.4362264150943396
0 0.5962264150943396 0.3169811320754717 0.7371069182389938 0.3169811320754717 0.7371069182389938 0.3954716981132076 0.5962264150943396 0.3954716981132076
0 0.618867924528302 0.25660377358490566 0.7773584905660377 0.25660377358490566 0.7773584905660377 0.3516981132075471 0.618867924528302 0.3516981132075471
0 0.4955974842767296 0.28377358490566035 0.6163522012578616 0.28377358490566035 0.6163522012578616 0.4 0.4955974842767296 0.4
0 0.5811320754716981 0.46037735849056605 0.7018867924528301 0.46037735849056605 0.7018867924528301 0.5539622641509434 0.5811320754716981 0.5539622641509434
0 0.8628930817610064 0.3169811320754717 0.9786163522012579 0.3169811320754717 0.9786163522012579 0.4135849056603773 0.8628930817610064 0.4135849056603773
0 0.8150943396226414 0.4603773584905661 0.9584905660377359 0.4603773584905661 0.9584905660377359 0.5796226415094341 0.8150943396226414 0.5796226415094341
0 0.3974842767295597 0.37735849056603776 0.5182389937106918 0.37735849056603776 0.5182389937106918 0.5011320754716981 0.3974842767295597 0.5011320754716981
0 0.2591194968553459 0.3184905660377358 0.450314465408805 0.3184905660377358 0.450314465408805 0.38943396226415095 0.2591194968553459 0.38943396226415095
0 0.2817610062893082 0.22641509433962265 0.43773584905660384 0.22641509433962265 0.43773584905660384 0.31849056603773584 0.2817610062893082 0.31849056603773584
0 0.24150943396226418 0.1690566037735849 0.3572327044025157 0.1690566037735849 0.3572327044025157 0.2792452830188679 0.24150943396226418 0.2792452830188679
0 0.08050314465408806 0.2626415094339623 0.21886792452830187 0.2626415094339623 0.21886792452830187 0.37433962264150944 0.08050314465408806 0.37433962264150944
0 0.11572327044025156 0.2158490566037736 0.2389937106918239 0.2158490566037736 0.2389937106918239 0.2837735849056604 0.11572327044025156 0.2837735849056604
0 0.12075471698113209 0.37433962264150944 0.25157232704402516 0.37433962264150944 0.25157232704402516 0.5026415094339622 0.12075471698113209 0.5026415094339622
0 0.18867924528301888 0.4739622641509434 0.3044025157232705 0.4739622641509434 0.3044025157232705 0.5222641509433963 0.18867924528301888 0.5222641509433963
0 0.09056603773584906 0.5373584905660378 0.21886792452830187 0.5373584905660378 0.21886792452830187 0.6249056603773585 0.09056603773584906 0.6249056603773585
0 0.14842767295597487 0.5856603773584906 0.2817610062893082 0.5856603773584906 0.2817610062893082 0.6656603773584906 0.14842767295597487 0.6656603773584906
0 0.3522012578616352 0.5313207547169811 0.5157232704402516 0.5313207547169811 0.5157232704402516 0.6037735849056604 0.3522012578616352 0.6037735849056604
0 0.32452830188679244 0.6264150943396226 0.46540880503144655 0.6264150943396226 0.46540880503144655 0.7200000000000001 0.32452830188679244 0.7200000000000001
0 0.10314465408805033 0.6883018867924529 0.3018867924528302 0.6883018867924529 0.3018867924528302 0.7637735849056604 0.10314465408805033 0.7637735849056604
0 0.6716981132075471 0.6354716981132075 0.8603773584905661 0.6354716981132075 0.8603773584905661 0.7245283018867924 0.6716981132075471 0.7245283018867924
0 0.5031446540880503 0.6973584905660378 0.709433962264151 0.6973584905660378 0.709433962264151 0.7667924528301886 0.5031446540880503 0.7667924528301886
0 0.7119496855345913 0.7049056603773585 0.9283018867924528 0.7049056603773585 0.9283018867924528 0.7758490566037736 0.7119496855345913 0.7758490566037736
0 0.3974842767295597 0.7471698113207547 0.5308176100628931 0.7471698113207547 0.5308176100628931 0.88 0.3974842767295597 0.88
0 0.24402515723270438 0.7939622641509434 0.420125786163522 0.7939622641509434 0.420125786163522 0.8739622641509434 0.24402515723270438 0.8739622641509434
0 0.12075471698113209 0.8603773584905661 0.33962264150943394 0.8603773584905661 0.33962264150943394 0.9388679245283019 0.12075471698113209 0.9388679245283019
0 0.4503144654088051 0.8528301886792453 0.5861635220125786 0.8528301886792453 0.5861635220125786 0.9615094339622642 0.4503144654088051 0.9615094339622642
0 0.6012578616352201 0.8950943396226415 0.779874213836478 0.8950943396226415 0.779874213836478 0.9962264150943396 0.6012578616352201 0.9962264150943396
0 0.6440251572327044 0.8030188679245284 0.8251572327044024 0.8030188679245284 0.8251572327044024 0.8950943396226415 0.6440251572327044 0.8950943396226415