0 0.06115384615384616 0.15744949494949492 0.13942827442827443 0.15744949494949492 0.13942827442827443 0.2510353535353535 0.06115384615384616 0.2510353535353535
0 0.02446985446985447 0.3282828282828283 0.11128898128898129 0.3282828282828283 0.11128898128898129 0.4114646464646465 0.02446985446985447 0.4114646464646465
0 0.17487525987525987 0.4055176767676767 0.27148648648648643 0.4055176767676767 0.27148648648648643 0.5302904040404041 0.17487525987525987 0.5302904040404041
0 0.0856029106029106 0.5941666666666666 0.15285862785862786 0.5941666666666666 0.15285862785862786 0.6877525252525253 0.0856029106029106 0.6877525252525253
0 0.08804573804573805 0.5347601010101011 0.1565280665280665 0.5347601010101011 0.1565280665280665 0.5867550505050505 0.08804573804573805 0.5867550505050505
0 -0.000010395010395008326 0.6357702020202021 0.05747401247401247 0.6357702020202021 0.05747401247401247 0.6996338383838384 -0.000010395010395008326 0.6996338383838384
0 0.147983367983368 0.7575757575757576 0.21035343035343038 0.7575757575757576 0.21035343035343038 0.8660101010101011 0.147983367983368 0.8660101010101011
0 0.24703742203742204 0.7991666666666666 0.3106340956340956 0.7991666666666666 0.3106340956340956 0.8971969696969697 0.24703742203742204 0.8971969696969697
0 0.16386694386694386 0.680340909090909 0.2348024948024948 0.680340909090909 0.2348024948024948 0.7471843434343434 0.16386694386694386 0.7471843434343434
1 0.22012474012474012 0.6075378787878788 0.4243659043659044 0.6075378787878788 0.4243659043659044 0.8467045454545455 0.22012474012474012 0.8467045454545455
0 0.20667359667359667 0.5748737373737374 0.25681912681912683 0.5748737373737374 0.25681912681912683 0.6862878787878788 0.20667359667359667 0.6862878787878788
0 0.2665904365904366 0.5451515151515152 0.3167359667359667 0.5451515151515152 0.3167359667359667 0.6491414141414141 0.2665904365904366 0.6491414141414141
0 0.3363097713097713 0.5332828282828282 0.3827754677754678 0.5332828282828282 0.3827754677754678 0.6521212121212121 0.3363097713097713 0.6521212121212121
0 0.3705509355509356 0.5822853535353536 0.43414760914760914 0.5822853535353536 0.43414760914760914 0.6595328282828283 0.3705509355509356 0.6595328282828283
0 0.42680873180873186 0.6015909090909091 0.5173076923076922 0.6015909090909091 0.5173076923076922 0.6624999999999999 0.42680873180873186 0.6624999999999999
0 0.37666320166320166 0.665479797979798 0.4757276507276507 0.665479797979798 0.4757276507276507 0.7917424242424241 0.37666320166320166 0.7917424242424241
0 0.32284823284823283 0.7546085858585858 0.3913305613305613 0.7546085858585858 0.3913305613305613 0.8318560606060607 0.32284823284823283 0.8318560606060607
0 0.23481288981288984 0.721919191919192 0.2898440748440749 0.721919191919192 0.2898440748440749 0.8125252525252525 0.23481288981288984 0.8125252525252525
0 0.5601039501039501 0.8615656565656564 0.6396049896049896 0.8615656565656564 0.6396049896049896 0.9343434343434344 0.5601039501039501 0.9343434343434344
0 0.538087318087318 0.7308333333333334 0.6126819126819126 0.7308333333333334 0.6126819126819126 0.7857828282828283 0.538087318087318 0.7857828282828283
0 0.6273700623700623 0.7308333333333334 0.7031912681912682 0.7308333333333334 0.7031912681912682 0.7813383838383839 0.6273700623700623 0.7813383838383839
0 0.6677234927234926 0.8006439393939394 0.719095634095634 0.8006439393939394 0.719095634095634 0.9031439393939394 0.6677234927234926 0.9031439393939394
0 0.2886070686070686 0.3758080808080808 0.3632016632016632 0.3758080808080808 0.3632016632016632 0.461969696969697 0.2886070686070686 0.461969696969697
0 0.33262993762993764 0.22430555555555556 0.4023388773388773 0.22430555555555556 0.4023388773388773 0.31195707070707074 0.33262993762993764 0.31195707070707074
0 0.3155093555093555 0.16637626262626265 0.3864449064449064 0.16637626262626265 0.3864449064449064 0.2510479797979798 0.3155093555093555 0.2510479797979798
0 0.4194698544698545 0.3461111111111111 0.4708419958419958 0.3461111111111111 0.4708419958419958 0.4322727272727273 0.4194698544698545 0.4322727272727273
0 0.4219126819126819 0.17974747474747477 0.4818295218295218 0.17974747474747477 0.4818295218295218 0.2881818181818182 0.4219126819126819 0.2881818181818182
0 0.4769438669438669 0.13665404040404042 0.5332016632016632 0.13665404040404042 0.5332016632016632 0.20051767676767676 0.4769438669438669 0.20051767676767676
0 0.4916320166320166 0.27034090909090913 0.538097713097713 0.27034090909090913 0.538097713097713 0.3624368686868687 0.4916320166320166 0.3624368686868687
0 0.5503118503118503 0.2376641414141414 0.6298128898128899 0.2376641414141414 0.6298128898128899 0.31193181818181814 0.5503118503118503 0.31193181818181814
0 0.6371517671517671 0.10993686868686868 0.6970686070686071 0.10993686868686868 0.6970686070686071 0.21688131313131312 0.6371517671517671 0.21688131313131312
0 0.6762785862785863 0.09209595959595959 0.7411018711018711 0.09209595959595959 0.7411018711018711 0.1648737373737374 0.6762785862785863 0.1648737373737374
0 0.7264137214137214 0.2569949494949495 0.7777858627858628 0.2569949494949495 0.7777858627858628 0.3550252525252525 0.7264137214137214 0.3550252525252525
0 0.7105301455301455 0.20053030303030303 0.7777858627858628 0.20053030303030303 0.7777858627858628 0.2792676767676768 0.7105301455301455 0.2792676767676768
0 0.7692411642411642 0.22876262626262622 0.8426091476091475 0.22876262626262622 0.8426091476091475 0.30007575757575755 0.7692411642411642 0.30007575757575755
0 0.9159875259875261 0.014861111111111115 0.982016632016632 0.014861111111111115 0.982016632016632 0.10397727272727272 0.9159875259875261 0.10397727272727272
0 0.8805301455301454 0.14854797979797982 0.9477858627858627 0.14854797979797982 0.9477858627858627 0.21837121212121213 0.8805301455301454 0.21837121212121213
0 0.9257692307692307 0.20053030303030303 0.9979313929313929 0.20053030303030303 0.9979313929313929 0.25845959595959594 0.9257692307692307 0.25845959595959594
0 0.856060291060291 0.33867424242424243 0.9257692307692307 0.33867424242424243 0.9257692307692307 0.4159217171717171 0.856060291060291 0.4159217171717171
0 0.6738461538461539 0.3669191919191919 0.7386694386694386 0.3669191919191919 0.7386694386694386 0.46494949494949495 0.6738461538461539 0.46494949494949495
0 0.5295322245322246 0.46494949494949495 0.5821101871101871 0.46494949494949495 0.5821101871101871 0.565959595959596 0.5295322245322246 0.565959595959596
0 0.5796673596673596 0.5050505050505051 0.6383783783783784 0.5050505050505051 0.6383783783783784 0.6060606060606061 0.5796673596673596 0.6060606060606061
1 0.6775051975051974 0.6209090909090909 0.8731808731808732 0.6209090909090909 0.8731808731808732 0.868989898989899 0.6775051975051974 0.868989898989899
0 0.6616112266112266 0.5689267676767678 0.7313201663201663 0.5689267676767678 0.7313201663201663 0.6565782828282828 0.6616112266112266 0.6565782828282828
0 0.657941787941788 0.6535858585858586 0.7435550935550935 0.6535858585858586 0.7435550935550935 0.6996464646464646 0.657941787941788 0.6996464646464646
0 0.7080873180873182 0.7545959595959596 0.7741164241164241 0.7545959595959596 0.7741164241164241 0.8556060606060606 0.7080873180873182 0.8556060606060606
0 0.7655613305613305 0.8199621212121212 0.8169334719334719 0.8199621212121212 0.8169334719334719 0.940290404040404 0.7655613305613305 0.940290404040404
0 0.812027027027027 0.8036111111111112 0.8792827442827443 0.8036111111111112 0.8792827442827443 0.9001767676767678 0.812027027027027 0.9001767676767678
0 0.8780769230769231 0.7694570707070708 0.9392203742203742 0.7694570707070708 0.9392203742203742 0.8585732323232323 0.8780769230769231 0.8585732323232323
0 0.8181600831600833 0.7323232323232324 0.8585135135135135 0.7323232323232324 0.8585135135135135 0.8051010101010102 0.8181600831600833 0.8051010101010102
0 0.8181496881496882 0.5941666666666666 0.882972972972973 0.5941666666666666 0.882972972972973 0.7026010101010102 0.8181496881496882 0.7026010101010102
0 0.856070686070686 0.6625126262626263 0.9098752598752599 0.6625126262626263 0.9098752598752599 0.7115277777777778 0.856070686070686 0.7115277777777778
0 0.7435550935550936 0.6223989898989899 0.8083783783783783 0.6223989898989899 0.8083783783783783 0.6803282828282828 0.7435550935550936 0.6803282828282828
0 0.8890852390852391 0.5124873737373737 0.9844698544698545 0.5124873737373737 0.9844698544698545 0.6016035353535354 0.8890852390852391 0.6016035353535354