0 0.9263157894736842 0.3722007722007722 0.9802105263157895 0.3722007722007722 0.9802105263157895 0.5667953667953667 0.9263157894736842 0.5667953667953667
0 0.8917894736842106 0.5436293436293437 0.9473684210526315 0.5436293436293437 0.9473684210526315 0.6903474903474904 0.8917894736842106 0.6903474903474904
0 0.8067368421052631 0.5420849420849421 0.8917894736842105 0.5420849420849421 0.8917894736842105 0.613127413127413 0.8067368421052631 0.613127413127413
0 0.839578947368421 0.39073359073359076 0.9094736842105263 0.39073359073359076 0.9094736842105263 0.4911196911196911 0.839578947368421 0.4911196911196911
1 0.6138947368421053 0.3536679536679537 0.8244210526315789 0.3536679536679537 0.8244210526315789 0.7258687258687259 0.6138947368421053 0.7258687258687259
0 0.7671578947368421 0.28262548262548265 0.832 0.28262548262548265 0.832 0.42934362934362935 0.7671578947368421 0.42934362934362935
0 0.704 0.21621621621621623 0.7612631578947369 0.21621621621621623 0.7612631578947369 0.4015444015444015 0.704 0.4015444015444015
0 0.6231578947368421 0.22548262548262551 0.6938947368421053 0.22548262548262551 0.6938947368421053 0.37065637065637064 0.6231578947368421 0.37065637065637064
0 0.5684210526315789 0.3459459459459459 0.679578947368421 0.3459459459459459 0.679578947368421 0.47104247104247104 0.5684210526315789 0.47104247104247104
0 0.5473684210526316 0.46332046332046334 0.631578947368421 0.46332046332046334 0.631578947368421 0.5868725868725869 0.5473684210526316 0.5868725868725869
0 0.7250526315789474 0.644015444015444 0.8025263157894736 0.644015444015444 0.8025263157894736 0.8555984555984556 0.7250526315789474 0.8555984555984556
0 0.6408421052631579 0.6532818532818534 0.704 0.6532818532818534 0.704 0.8401544401544402 0.6408421052631579 0.8401544401544402
0 0.5962105263157895 0.5992277992277992 0.6736842105263158 0.5992277992277992 0.6736842105263158 0.7722007722007722 0.5962105263157895 0.7722007722007722
0 0.5616842105263158 0.7953667953667953 0.6602105263157894 0.7953667953667953 0.6602105263157894 0.938996138996139 0.5616842105263158 0.938996138996139
0 0.48252631578947364 0.522007722007722 0.5431578947368421 0.522007722007722 0.5431578947368421 0.7042471042471042 0.48252631578947364 0.7042471042471042
0 0.5170526315789474 0.23011583011583012 0.5978947368421053 0.23011583011583012 0.5978947368421053 0.3814671814671815 0.5170526315789474 0.3814671814671815
0 0.4842105263157895 0.14208494208494207 0.5397894736842105 0.14208494208494207 0.5397894736842105 0.28262548262548265 0.4842105263157895 0.28262548262548265
0 0.40336842105263154 0.13281853281853281 0.4867368421052632 0.13281853281853281 0.4867368421052632 0.23011583011583012 0.40336842105263154 0.23011583011583012
0 0.39073684210526316 0.0833976833976834 0.44799999999999995 0.0833976833976834 0.44799999999999995 0.155984555984556 0.39073684210526316 0.155984555984556
0 0.4067368421052632 0.2332046332046332 0.496 0.2332046332046332 0.496 0.36756756756756753 0.4067368421052632 0.36756756756756753
0 0.3410526315789474 0.24247104247104245 0.41936842105263156 0.24247104247104245 0.41936842105263156 0.4447876447876448 0.3410526315789474 0.4447876447876448
1 0.14063157894736844 0.3088803088803089 0.35789473684210527 0.3088803088803089 0.35789473684210527 0.6918918918918918 0.14063157894736844 0.6918918918918918
0 0.26526315789473687 0.21467181467181465 0.3427368421052632 0.21467181467181465 0.3427368421052632 0.38455598455598455 0.26526315789473687 0.38455598455598455
0 0.2054736842105263 0.21312741312741312 0.2736842105263158 0.21312741312741312 0.2736842105263158 0.37992277992277995 0.2054736842105263 0.37992277992277995
0 0.13305263157894737 0.2316602316602317 0.1970526315789474 0.2316602316602317 0.1970526315789474 0.3737451737451738 0.13305263157894737 0.3737451737451738
0 0.0816842105263158 0.3413127413127413 0.1886315789473684 0.3413127413127413 0.1886315789473684 0.46332046332046334 0.0816842105263158 0.46332046332046334
0 0.29978947368421055 0.4277992277992278 0.35115789473684206 0.4277992277992278 0.35115789473684206 0.5467181467181467 0.29978947368421055 0.5467181467181467
0 0.30652631578947376 0.5544401544401544 0.391578947368421 0.5544401544401544 0.391578947368421 0.7196911196911198 0.30652631578947376 0.7196911196911198
0 0.3823157894736843 0.5081081081081081 0.4926315789473684 0.5081081081081081 0.4926315789473684 0.6316602316602317 0.3823157894736843 0.6316602316602317
0 0.2846315789473684 0.6162162162162163 0.35957894736842105 0.6162162162162163 0.35957894736842105 0.7799227799227799 0.2846315789473684 0.7799227799227799
0 0.2576842105263158 0.6223938223938223 0.3174736842105263 0.6223938223938223 0.3174736842105263 0.8231660231660232 0.2576842105263158 0.8231660231660232
0 0.21305263157894735 0.61003861003861 0.26526315789473687 0.61003861003861 0.26526315789473687 0.8169884169884171 0.21305263157894735 0.8169884169884171
0 0.16926315789473684 0.6254826254826255 0.2256842105263158 0.6254826254826255 0.2256842105263158 0.8370656370656371 0.16926315789473684 0.8370656370656371
0 0.10863157894736843 0.6054054054054053 0.19115789473684214 0.6054054054054053 0.19115789473684214 0.7428571428571429 0.10863157894736843 0.7428571428571429
0 0.04042105263157894 0.5173745173745173 0.13557894736842108 0.5173745173745173 0.13557894736842108 0.640926640926641 0.04042105263157894 0.640926640926641