0 0.7750757575757576 0.09122529644268774 0.8901515151515151 0.09122529644268774 0.8901515151515151 0.20221343873517786 0.7750757575757576 0.20221343873517786
0 0.7036742424242425 0.1352766798418972 0.7794318181818182 0.1352766798418972 0.7794318181818182 0.2690711462450593 0.7036742424242425 0.2690711462450593
0 0.5958522727272727 0.15660079051383402 0.693465909090909 0.15660079051383402 0.693465909090909 0.28885375494071147 0.5958522727272727 0.28885375494071147
0 0.6687121212121212 0.28274703557312253 0.761969696969697 0.28274703557312253 0.761969696969697 0.4119565217391304 0.6687121212121212 0.4119565217391304
0 0.6774431818181819 0.4712648221343873 0.8260416666666668 0.4712648221343873 0.8260416666666668 0.5883399209486165 0.6774431818181819 0.5883399209486165
0 0.6512310606060606 0.6202569169960473 0.7736174242424243 0.6202569169960473 0.7736174242424243 0.7357905138339921 0.6512310606060606 0.7357905138339921
0 0.32926136363636366 0.550296442687747 0.5157386363636364 0.550296442687747 0.5157386363636364 0.6643280632411068 0.32926136363636366 0.6643280632411068
0 0.2724242424242424 0.7966007905138339 0.39333333333333337 0.7966007905138339 0.39333333333333337 0.9410276679841898 0.2724242424242424 0.9410276679841898
0 0.021837121212121214 0.6749604743083003 0.14422348484848485 0.6749604743083003 0.14422348484848485 0.8026679841897233 0.021837121212121214 0.8026679841897233
0 0.08742424242424243 0.5305533596837946 0.16901515151515153 0.5305533596837946 0.16901515151515153 0.6810671936758893 0.08742424242424243 0.6810671936758893
1 0.2403787878787879 0.17632411067193673 0.626439393939394 0.17632411067193673 0.626439393939394 0.557905138339921 0.2403787878787879 0.557905138339921
0 0.26515151515151514 0.3815810276679842 0.36568181818181816 0.3815810276679842 0.36568181818181816 0.4879841897233202 0.26515151515151514 0.4879841897233202
0 0.4691098484848485 0.44086956521739135 0.5550568181818182 0.44086956521739135 0.5550568181818182 0.5457707509881423 0.4691098484848485 0.5457707509881423
0 0.5288446969696969 0.2766600790513834 0.6016856060606061 0.2766600790513834 0.6016856060606061 0.41045454545454546 0.5288446969696969 0.41045454545454546
0 0.4181060606060606 0.2173913043478261 0.5492424242424242 0.2173913043478261 0.5492424242424242 0.2888537549407115 0.4181060606060606 0.2888537549407115
0 0.28117424242424244 0.23561264822134387 0.39625 0.23561264822134387 0.39625 0.3329249011857708 0.28117424242424244 0.3329249011857708
0 0.4924431818181819 0.38916996047430835 0.5725568181818181 0.38916996047430835 0.5725568181818181 0.46972332015810275 0.4924431818181819 0.46972332015810275
0 0.43412878787878784 0.0607905138339921 0.5652651515151514 0.0607905138339921 0.5652651515151514 0.17177865612648222 0.43412878787878784 0.17177865612648222
0 0.1850189393939394 0.03189723320158103 0.2957386363636364 0.03189723320158103 0.2957386363636364 0.16873517786561265 0.1850189393939394 0.16873517786561265
0 0.11365530303030302 0.15503952569169957 0.24331439393939394 0.15503952569169957 0.24331439393939394 0.28883399209486166 0.11365530303030302 0.28883399209486166
0 0.04952651515151515 0.30861660079051384 0.1719128787878788 0.30861660079051384 0.1719128787878788 0.4074308300395257 0.04952651515151515 0.4074308300395257