0 0.37812903225806455 0.5494688644688644 0.42561290322580647 0.5494688644688644 0.42561290322580647 0.6715567765567765 0.37812903225806455 0.6715567765567765
0 0.25896774193548383 0.3739377289377289 0.3028817204301075 0.3739377289377289 0.3028817204301075 0.470091575091575 0.25896774193548383 0.470091575091575
0 0.32347311827956987 0.10377289377289377 0.3646989247311828 0.10377289377289377 0.3646989247311828 0.17703296703296703 0.32347311827956987 0.17703296703296703
0 0.07347311827956989 0.12514652014652014 0.12902150537634408 0.12514652014652014 0.12902150537634408 0.2411538461538462 0.07347311827956989 0.2411538461538462
0 0.9300967741935484 0.20602564102564105 0.9605698924731182 0.20602564102564105 0.9605698924731182 0.30217948717948717 0.9300967741935484 0.30217948717948717
0 0.877236559139785 0.44717948717948725 0.9130860215053763 0.44717948717948725 0.9130860215053763 0.547912087912088 0.877236559139785 0.547912087912088
0 0.7670322580645161 0.3082967032967033 0.8109462365591398 0.3082967032967033 0.8109462365591398 0.40291208791208794 0.7670322580645161 0.40291208791208794
1 0.7482043010752688 0.4288827838827839 0.8808279569892473 0.4288827838827839 0.8808279569892473 0.7448168498168498 0.7482043010752688 0.7448168498168498
0 0.851268817204301 0.6501831501831502 0.8826236559139785 0.6501831501831502 0.8826236559139785 0.7417582417582418 0.851268817204301 0.7417582417582418
0 0.8252688172043011 0.6334065934065934 0.8521505376344086 0.6334065934065934 0.8521505376344086 0.7142857142857143 0.8252688172043011 0.7142857142857143
1 0.42203225806451616 0.37697802197802194 0.5761612903225807 0.37697802197802194 0.5761612903225807 0.6944505494505495 0.42203225806451616 0.6944505494505495
0 0.43727956989247313 0.5616483516483517 0.49373118279569894 0.5616483516483517 0.49373118279569894 0.6516849816849817 0.43727956989247313 0.6516849816849817
0 0.5313655913978494 0.5387728937728937 0.5672150537634408 0.5387728937728937 0.5672150537634408 0.6273076923076923 0.5313655913978494 0.6273076923076923
1 0.027774193548387095 0.32051282051282054 0.21953763440860216 0.32051282051282054 0.21953763440860216 0.6684981684981685 0.027774193548387095 0.6684981684981685
1 0.5636129032258066 0.3128754578754579 0.7473118279569892 0.3128754578754579 0.7473118279569892 0.8836813186813187 0.5636129032258066 0.8836813186813187