1 0.2152207505518764 0.09259887005649718 0.45069536423841067 0.09259887005649718 0.45069536423841067 0.2856308851224106 0.2152207505518764 0.2856308851224106
1 0.7063907284768212 0.10827683615819209 0.9197902869757174 0.10827683615819209 0.9197902869757174 0.29974576271186437 0.7063907284768212 0.29974576271186437
0 0.14270419426048564 0.09564971751412431 0.19221854304635763 0.09564971751412431 0.19221854304635763 0.16397363465160078 0.14270419426048564 0.16397363465160078
0 0.4310264900662252 0.001242937853107345 0.4732560706401766 0.001242937853107345 0.4732560706401766 0.05962335216572505 0.4310264900662252 0.05962335216572505
0 0.4688852097130243 0.011186440677966104 0.5082008830022076 0.011186440677966104 0.5082008830022076 0.0720527306967985 0.4688852097130243 0.0720527306967985
0 0.5169426048565121 0.059623352165725056 0.5548013245033112 0.059623352165725056 0.5548013245033112 0.1192467043314501 0.5169426048565121 0.1192467043314501
0 0.5853973509933775 0.01864406779661017 0.6217991169977926 0.01864406779661017 0.6217991169977926 0.07826741996233522 0.5853973509933775 0.07826741996233522
0 0.6392604856512141 -0.00000941619585687195 0.6946026490066226 -0.00000941619585687195 0.6946026490066226 0.03850282485875706 0.6392604856512141 0.03850282485875706
0 0.6727593818984549 0.01367231638418079 0.7382781456953642 0.01367231638418079 0.7382781456953642 0.07329566854990584 0.6727593818984549 0.07329566854990584
0 0.8649779249448123 0.009934086629001884 0.9232339955849889 0.009934086629001884 0.9232339955849889 0.05093220338983051 0.8649779249448123 0.05093220338983051
0 0.9232229580573952 0.08074387947269303 0.9916556291390729 0.08074387947269303 0.9916556291390729 0.11801318267419963 0.9232229580573952 0.11801318267419963
0 0.9144812362030905 0.05341807909604519 0.9814569536423842 0.05341807909604519 0.9814569536423842 0.0857156308851224 0.9144812362030905 0.0857156308851224
0 0.9246799116997793 0.000009416195856873623 1 0.000009416195856873623 1 0.0298210922787194 0.9246799116997793 0.0298210922787194
0 0.6203421633554085 0.15901129943502826 0.6698565121412804 0.15901129943502826 0.6698565121412804 0.20622410546139358 0.6203421633554085 0.20622410546139358
0 0.6188852097130242 0.10682674199623354 0.664028697571744 0.10682674199623354 0.664028697571744 0.15279661016949153 0.6188852097130242 0.15279661016949153
0 0.6800331125827814 0.11304143126177024 0.7266335540838853 0.11304143126177024 0.7266335540838853 0.16274011299435026 0.6800331125827814 0.16274011299435026
0 0.7426600441501104 0.10062146892655366 0.7805187637969094 0.10062146892655366 0.7805187637969094 0.15775894538606403 0.7426600441501104 0.15775894538606403
0 0.8023509933774835 0.11304143126177026 0.8562362030905077 0.11304143126177026 0.8562362030905077 0.15031073446327683 0.8023509933774835 0.15031073446327683
0 0.8562472406181015 0.08572504708097928 0.9188520971302429 0.08572504708097928 0.9188520971302429 0.1416195856873823 0.8562472406181015 0.1416195856873823
0 0.6174282560706401 0.2273446327683616 0.664028697571744 0.2273446327683616 0.664028697571744 0.28075329566854995 0.6174282560706401 0.28075329566854995
0 0.6625496688741722 0.21241996233521657 0.723719646799117 0.21241996233521657 0.723719646799117 0.2646045197740113 0.6625496688741722 0.2646045197740113
0 0.7645033112582781 0.2956591337099812 0.8416777041942606 0.2956591337099812 0.8416777041942606 0.34038606403013183 0.7645033112582781 0.34038606403013183
0 0.7688631346578367 0.23727871939736345 0.8271192052980133 0.23727871939736345 0.8271192052980133 0.27454802259887007 0.7688631346578367 0.27454802259887007
0 0.8183774834437085 0.24473634651600756 0.8693487858719646 0.24473634651600756 0.8693487858719646 0.2832485875706215 0.8183774834437085 0.2832485875706215
0 0.8868101545253864 0.236045197740113 0.9290397350993378 0.236045197740113 0.9290397350993378 0.2894538606403014 0.8868101545253864 0.2894538606403014
0 0.9144922737306843 0.2472128060263653 0.9610927152317881 0.2472128060263653 0.9610927152317881 0.3093220338983051 0.9144922737306843 0.3093220338983051
0 0.9144812362030905 0.3552824858757062 0.9814569536423842 0.3552824858757062 0.9814569536423842 0.3962806026365348 0.9144812362030905 0.3962806026365348
0 0.9348675496688742 0.2981450094161959 0.9887527593818984 0.2981450094161959 0.9887527593818984 0.3416290018832392 0.9348675496688742 0.3416290018832392
0 0.6611147902869757 0.38634651600753295 0.7091721854304636 0.38634651600753295 0.7091721854304636 0.442241054613936 0.6611147902869757 0.442241054613936
0 0.7324613686534216 0.4795291902071563 0.7834326710816778 0.4795291902071563 0.7834326710816778 0.5416384180790961 0.7324613686534216 0.5416384180790961
0 0.882439293598234 0.5254802259887005 0.9290397350993378 0.5254802259887005 0.9290397350993378 0.5838606403013182 0.882439293598234 0.5838606403013182
0 0.7266335540838851 0.5826271186440678 0.7819757174392936 0.5826271186440678 0.7819757174392936 0.6285969868173258 0.7266335540838851 0.6285969868173258
0 0.8678918322295807 0.1714312617702448 0.9072075055187637 0.1714312617702448 0.9072075055187637 0.22732580037664785 0.8678918322295807 0.22732580037664785
0 0.9508940397350993 0.7876082862523541 1.000011037527594 0.7876082862523541 1.000011037527594 0.8422598870056497 0.9508940397350993 0.8422598870056497
0 0.9319536423841059 0.8745668549905838 0.9887527593818985 0.8745668549905838 0.9887527593818985 0.9255084745762712 0.9319536423841059 0.9255084745762712
0 0.9538079470198676 0.9254990583804144 1.000011037527594 0.9254990583804144 1.000011037527594 0.98015065913371 0.9538079470198676 0.98015065913371
0 0.7630463576158941 0.9093596986817326 0.8271081677704194 0.9093596986817326 0.8271081677704194 0.9640112994350282 0.7630463576158941 0.9640112994350282
0 0.63780353200883 0.9304708097928437 0.6916887417218542 0.9304708097928437 0.6916887417218542 0.9938229755178908 0.63780353200883 0.9938229755178908
0 0.45868653421633554 0.9379284369114876 0.5067439293598234 0.9379284369114876 0.5067439293598234 0.9963088512241054 0.45868653421633554 0.9963088512241054
0 0.356766004415011 0.9540772128060263 0.41356512141280355 0.9540772128060263 0.41356512141280355 1.0000094161958568 0.356766004415011 1.0000094161958568
0 0.15727373068432673 0.9254896421845574 0.2126158940397351 0.9254896421845574 0.2126158940397351 0.9776741996233521 0.15727373068432673 0.9776741996233521
0 0.22716335540838853 0.860894538606403 0.28833333333333333 0.860894538606403 0.28833333333333333 0.9081073446327684 0.22716335540838853 0.9081073446327684
0 0.17473509933774833 0.8049905838041432 0.22133554083885207 0.8049905838041432 0.22133554083885207 0.8745574387947269 0.17473509933774833 0.8745574387947269
0 0.2169646799116998 0.7652542372881356 0.2606512141280353 0.7652542372881356 0.2606512141280353 0.8273634651600753 0.2169646799116998 0.8273634651600753
0 0.4383112582781457 0.7664971751412429 0.48928256070640175 0.7664971751412429 0.48928256070640175 0.8261205273069679 0.4383112582781457 0.8261205273069679