0 0.4621691176470588 0.36784188034188037 0.558468137254902 0.36784188034188037 0.558468137254902 0.48839743589743595 0.4621691176470588 0.48839743589743595
0 0.30376225490196074 0.3434188034188035 0.379031862745098 0.3434188034188035 0.379031862745098 0.5158974358974359 0.30376225490196074 0.5158974358974359
0 0.33876225490196077 0.06256410256410257 0.39829656862745105 0.06256410256410257 0.39829656862745105 0.24264957264957265 0.33876225490196077 0.24264957264957265
0 0.6976593137254903 0.019850427350427347 0.781703431372549 0.019850427350427347 0.781703431372549 0.15262820512820513 0.6976593137254903 0.15262820512820513
0 0.5847303921568627 0.49145299145299143 0.6635049019607843 0.49145299145299143 0.6635049019607843 0.6532478632478633 0.5847303921568627 0.6532478632478633
0 0.6635171568627451 0.5143376068376069 0.7230514705882353 0.5143376068376069 0.7230514705882353 0.6562606837606838 0.6635171568627451 0.6562606837606838
0 0.715171568627451 0.5952564102564102 0.8000735294117647 0.5952564102564102 0.8000735294117647 0.7127777777777777 0.715171568627451 0.7127777777777777
0 0.8613357843137254 0.5067094017094017 0.9313602941176471 0.5067094017094017 0.9313602941176471 0.644059829059829 0.8613357843137254 0.644059829059829
0 0.8123284313725491 0.6242307692307693 0.891985294117647 0.6242307692307693 0.891985294117647 0.7402136752136751 0.8123284313725491 0.7402136752136751
0 0.7309191176470587 0.782991452991453 0.8000612745098039 0.782991452991453 0.8000612745098039 0.9523931623931623 0.7309191176470587 0.9523931623931623
0 0.5444607843137256 0.695982905982906 0.6354901960784315 0.695982905982906 0.6354901960784315 0.7585470085470085 0.5444607843137256 0.7585470085470085
0 0.22935049019607845 0.6196794871794872 0.316875 0.6196794871794872 0.316875 0.6883547008547009 0.22935049019607845 0.6883547008547009
0 0.13044117647058825 0.5967735042735043 0.215343137254902 0.5967735042735043 0.215343137254902 0.6669871794871796 0.13044117647058825 0.6669871794871796
0 0.08229166666666668 0.8455555555555555 0.1531985294117647 0.8455555555555555 0.1531985294117647 0.9646153846153847 0.08229166666666668 0.9646153846153847
0 0.5418259803921569 0.822628205128205 0.6258700980392158 0.822628205128205 0.6258700980392158 0.9691666666666666 0.5418259803921569 0.9691666666666666