0 0.0646124031007752 0.07887573964497042 0.11197674418604651 0.07887573964497042 0.11197674418604651 0.18076923076923077 0.0646124031007752 0.18076923076923077
0 0.03229974160206718 0.08384615384615385 0.07751937984496124 0.08384615384615385 0.07751937984496124 0.22846153846153847 0.03229974160206718 0.22846153846153847
0 0.07034883720930232 0.1857396449704142 0.1256201550387597 0.1857396449704142 0.1256201550387597 0.33366863905325445 0.07034883720930232 0.33366863905325445
0 0.11268733850129199 0.32710059171597633 0.15645994832041343 0.32710059171597633 0.15645994832041343 0.46189349112426037 0.11268733850129199 0.46189349112426037
0 0.05382428940568475 0.32710059171597633 0.11770025839793281 0.32710059171597633 0.11770025839793281 0.5177514792899408 0.05382428940568475 0.5177514792899408
0 0.11485788113695092 0.5029289940828403 0.16509043927648578 0.5029289940828403 0.16509043927648578 0.6294970414201183 0.11485788113695092 0.6294970414201183
0 0.09474160206718346 0.5325147928994083 0.13709302325581396 0.5325147928994083 0.13709302325581396 0.6755325443786981 0.09474160206718346 0.6755325443786981
0 0.04235142118863049 0.8809763313609467 0.09475452196382429 0.8809763313609467 0.09475452196382429 0.991094674556213 0.04235142118863049 0.991094674556213
0 0.7357105943152454 0.5095266272189349 0.7988630490956073 0.5095266272189349 0.7988630490956073 0.6410059171597633 0.7357105943152454 0.6410059171597633
0 0.8979328165374677 0.6492307692307693 0.9747286821705428 0.6492307692307693 0.9747286821705428 0.7642603550295858 0.8979328165374677 0.7642603550295858
0 0.8146640826873385 0.8365976331360946 0.8749483204134367 0.8365976331360946 0.8749483204134367 0.931923076923077 0.8146640826873385 0.931923076923077