1 0.12768292682926827 0.44862666666666673 0.36441463414634145 0.44862666666666673 0.36441463414634145 0.72156 0.12768292682926827 0.72156
0 0.6198048780487805 0.20077333333333336 0.7101951219512194 0.20077333333333336 0.7101951219512194 0.30744 0.6198048780487805 0.30744
0 0.5308414634146341 0.11764000000000001 0.6370121951219513 0.11764000000000001 0.6370121951219513 0.1960666666666667 0.5308414634146341 0.1960666666666667
0 0.6398780487804878 0.032946666666666666 0.713048780487805 0.032946666666666666 0.713048780487805 0.10667999999999998 0.6398780487804878 0.10667999999999998
0 0.7331463414634147 0.042346666666666664 0.8134878048780487 0.042346666666666664 0.8134878048780487 0.11920000000000001 0.7331463414634147 0.11920000000000001
0 0.8665731707317074 0.2902133333333333 0.9483536585365854 0.2902133333333333 0.9483536585365854 0.3670666666666667 0.8665731707317074 0.3670666666666667
0 0.5968536585365853 0.41726666666666673 0.6872439024390243 0.41726666666666673 0.6872439024390243 0.50668 0.5968536585365853 0.50668
1 0.6614024390243902 0.4502 0.9038658536585366 0.4502 0.9038658536585366 0.7184400000000001 0.6614024390243902 0.7184400000000001
0 0.6857804878048781 0.41097333333333336 0.7374390243902438 0.41097333333333336 0.7374390243902438 0.5160666666666666 0.6857804878048781 0.5160666666666666
0 0.8306951219512196 0.4203866666666667 0.9124756097560975 0.4203866666666667 0.9124756097560975 0.5207866666666666 0.8306951219512196 0.5207866666666666
0 0.6097439024390244 0.5992 0.7087439024390245 0.5992 0.7087439024390245 0.6823466666666667 0.6097439024390244 0.6823466666666667
0 0.5882317073170731 0.5364666666666666 0.6986951219512194 0.5364666666666666 0.6986951219512194 0.6070533333333333 0.5882317073170731 0.6070533333333333
0 0.2568170731707317 0.34981333333333336 0.33142682926829264 0.34981333333333336 0.33142682926829264 0.4408 0.2568170731707317 0.4408
0 0.07030487804878048 0.44234666666666667 0.18076829268292682 0.44234666666666667 0.18076829268292682 0.5458666666666666 0.07030487804878048 0.5458666666666666
0 0.40746341463414637 0.7874399999999999 0.5050243902439024 0.7874399999999999 0.5050243902439024 0.8862666666666668 0.40746341463414637 0.8862666666666668
0 0.30415853658536585 0.4470533333333333 0.41032926829268296 0.4470533333333333 0.41032926829268296 0.5254800000000001 0.30415853658536585 0.5254800000000001
0 0.05021951219512196 0.6211733333333334 0.17934146341463414 0.6211733333333334 0.17934146341463414 0.7043200000000001 0.05021951219512196 0.7043200000000001
0 0.04734146341463415 0.5443066666666667 0.1592439024390244 0.5443066666666667 0.1592439024390244 0.63372 0.04734146341463415 0.63372
0 0.25108536585365854 0.6588133333333334 0.3156463414634147 0.6588133333333334 0.3156463414634147 0.7858799999999999 0.25108536585365854 0.7858799999999999
0 0.3299878048780488 0.5804 0.4433292682926829 0.5804 0.4433292682926829 0.6572533333333334 0.3299878048780488 0.6572533333333334
0 0.8264024390243903 0.6525466666666666 0.9110609756097562 0.6525466666666666 0.9110609756097562 0.7607866666666667 0.8264024390243903 0.7607866666666667