0 0.7135438413361169 0.46813846153846156 0.7381471816283924 0.46813846153846156 0.7381471816283924 0.5626307692307692 0.7135438413361169 0.5626307692307692
0 0.7165187891440502 0.37144615384615387 0.7515605427974947 0.37144615384615387 0.7515605427974947 0.4395692307692307 0.7165187891440502 0.4395692307692307
0 0.7359081419624217 0.43955384615384613 0.7567849686847599 0.43955384615384613 0.7567849686847599 0.5428461538461538 0.7359081419624217 0.5428461538461538
0 0.7545511482254698 0.4351846153846154 0.785866388308977 0.4351846153846154 0.785866388308977 0.4989076923076923 0.7545511482254698 0.4989076923076923
0 0.4719624217118998 0.16923076923076924 0.5032776617954071 0.16923076923076924 0.5032776617954071 0.2549538461538462 0.4719624217118998 0.2549538461538462
0 0.13718684759916494 0.0022153846153846117 0.1617901878914405 0.0022153846153846117 0.1617901878914405 0.1011076923076923 0.13718684759916494 0.1011076923076923
0 0.03728079331941545 0.4241846153846153 0.06263569937369519 0.4241846153846153 0.06263569937369519 0.4791384615384615 0.03728079331941545 0.4791384615384615
0 0.055177453027139875 0.3472615384615385 0.07306889352818371 0.3472615384615385 0.07306889352818371 0.4307692307692308 0.055177453027139875 0.4307692307692308
0 0.07158141962421712 0.3604307692307692 0.09395093945720251 0.3604307692307692 0.09395093945720251 0.4219692307692307 0.07158141962421712 0.4219692307692307
0 0.09096555323590816 0.2922923076923077 0.11034968684759917 0.2922923076923077 0.11034968684759917 0.389 0.09096555323590816 0.389
0 0.0648695198329854 0.23736923076923075 0.08425365344467642 0.23736923076923075 0.08425365344467642 0.30330769230769233 0.0648695198329854 0.30330769230769233
0 0.07978079331941546 0.25935384615384616 0.09842379958246346 0.25935384615384616 0.09842379958246346 0.3208923076923077 0.07978079331941546 0.3208923076923077
0 0.07158141962421712 0.19779999999999998 0.09096555323590813 0.19779999999999998 0.09096555323590813 0.2549384615384615 0.07158141962421712 0.2549384615384615
0 0.08946764091858037 0.2087846153846154 0.10512526096033402 0.2087846153846154 0.10512526096033402 0.26813846153846155 0.08946764091858037 0.26813846153846155
0 0.10065240083507307 0.12967692307692308 0.1260073068893528 0.12967692307692308 0.1260073068893528 0.19340000000000002 0.10065240083507307 0.19340000000000002
0 0.20429540709812108 0.2197846153846154 0.22889874739039665 0.2197846153846154 0.22889874739039665 0.29670769230769234 0.20429540709812108 0.29670769230769234
0 0.09991127348643007 0.2703384615384616 0.12228079331941547 0.2703384615384616 0.12228079331941547 0.3230769230769231 0.09991127348643007 0.3230769230769231
0 0.1275 0.2395692307692308 0.14465031315240084 0.2395692307692308 0.14465031315240084 0.3230769230769231 0.1275 0.3230769230769231
0 0.022369519832985386 0.6197846153846154 0.04324634655532359 0.6197846153846154 0.04324634655532359 0.7208923076923077 0.022369519832985386 0.7208923076923077
0 0.1275 0.5274769230769231 0.1498695198329854 0.5274769230769231 0.1498695198329854 0.6197846153846154 0.1275 0.6197846153846154
0 0.1394258872651357 0.8923076923076924 0.15731732776617952 0.8923076923076924 0.15731732776617952 0.9780307692307693 0.1394258872651357 0.9780307692307693
0 0.06859603340292277 0.8944923076923076 0.09319937369519833 0.8944923076923076 0.09319937369519833 0.9560307692307691 0.06859603340292277 0.9560307692307691
0 0.3519258872651357 0.9054923076923076 0.3765292275574113 0.9054923076923076 0.3765292275574113 0.9999846153846154 0.3519258872651357 0.9999846153846154
0 0.20728079331941543 0.5011076923076923 0.22965031315240084 0.5011076923076923 0.22965031315240084 0.5868307692307693 0.20728079331941543 0.5868307692307693
0 0.3817484342379958 0.6263692307692308 0.41380480167014616 0.6263692307692308 0.41380480167014616 0.6944923076923076 0.3817484342379958 0.6944923076923076
0 0.4063517745302714 0.5384615384615384 0.42573590814196244 0.5384615384615384 0.42573590814196244 0.6373538461538462 0.4063517745302714 0.6373538461538462
0 0.4682359081419624 0.3164923076923077 0.492098121085595 0.3164923076923077 0.492098121085595 0.4395692307692308 0.4682359081419624 0.4395692307692308
0 0.5599425887265136 0.676923076923077 0.5897651356993737 0.676923076923077 0.5897651356993737 0.7472615384615385 0.5599425887265136 0.7472615384615385
0 0.6561273486430064 0.6879230769230769 0.6874425887265136 0.6879230769230769 0.6874425887265136 0.7538615384615385 0.6561273486430064 0.7538615384615385
0 0.7329279749478079 0.7780307692307693 0.760516701461378 0.7780307692307693 0.760516701461378 0.8769230769230769 0.7329279749478079 0.8769230769230769
0 0.6792432150313152 0.5868153846153846 0.7098173277661796 0.5868153846153846 0.7098173277661796 0.6615538461538463 0.6792432150313152 0.6615538461538463
0 0.7485855949895616 0.5516461538461538 0.7806419624217119 0.5516461538461538 0.7806419624217119 0.6329692307692307 0.7485855949895616 0.6329692307692307
0 0.9238048016701461 0.4417538461538461 0.9536273486430062 0.4417538461538461 0.9536273486430062 0.5274769230769231 0.9238048016701461 0.5274769230769231
0 0.932740083507307 0.5890307692307692 0.9580949895615867 0.5890307692307692 0.9580949895615867 0.6835230769230769 0.932740083507307 0.6835230769230769
0 0.9461691022964509 0.49670769230769235 0.9692797494780794 0.49670769230769235 0.9692797494780794 0.5956 0.9461691022964509 0.5956
0 0.9551200417536534 0.6263538461538461 0.9923956158663884 0.6263538461538461 0.9923956158663884 0.6857076923076924 0.9551200417536534 0.6857076923076924