1 0.6307471264367817 0.5154798761609907 0.8850574712643678 0.5154798761609907 0.8850574712643678 0.8126934984520123 0.6307471264367817 0.8126934984520123
1 0.05172413793103448 0.4845201238390093 0.3261494252873563 0.4845201238390093 0.3261494252873563 0.7987616099071208 0.05172413793103448 0.7987616099071208
0 0.17959770114942528 0.40092879256965946 0.2471264367816092 0.40092879256965946 0.2471264367816092 0.48761609907120745 0.17959770114942528 0.48761609907120745
0 0.125 0.10061919504643962 0.21839080459770116 0.10061919504643962 0.21839080459770116 0.18885448916408668 0.125 0.18885448916408668
0 0.20977011494252873 0.34055727554179566 0.29022988505747127 0.34055727554179566 0.29022988505747127 0.42724458204334365 0.20977011494252873 0.42724458204334365
0 0.3218390804597701 0.34365325077399383 0.3807471264367816 0.34365325077399383 0.3807471264367816 0.413312693498452 0.3218390804597701 0.413312693498452
0 0.492816091954023 0.19040247678018576 0.5459770114942529 0.19040247678018576 0.5459770114942529 0.25696594427244585 0.492816091954023 0.25696594427244585
0 0.5229885057471264 0.23529411764705882 0.5847701149425287 0.23529411764705882 0.5847701149425287 0.30340557275541796 0.5229885057471264 0.30340557275541796
0 0.6925287356321839 0.05572755417956656 0.742816091954023 0.05572755417956656 0.742816091954023 0.15015479876160992 0.6925287356321839 0.15015479876160992
0 0.8031609195402298 0.20588235294117646 0.8850574712643678 0.20588235294117646 0.8850574712643678 0.2693498452012384 0.8031609195402298 0.2693498452012384
0 0.6695402298850575 0.34055727554179566 0.7413793103448276 0.34055727554179566 0.7413793103448276 0.42260061919504643 0.6695402298850575 0.42260061919504643
0 0.6752873563218391 0.43808049535603716 0.7370689655172413 0.43808049535603716 0.7370689655172413 0.5030959752321982 0.6752873563218391 0.5030959752321982
0 0.7485632183908046 0.5325077399380805 0.8175287356321839 0.5325077399380805 0.8175287356321839 0.5959752321981424 0.7485632183908046 0.5959752321981424
0 0.7040229885057471 0.7306501547987616 0.7959770114942529 0.7306501547987616 0.7959770114942529 0.7832817337461301 0.7040229885057471 0.7832817337461301
0 0.8017241379310345 0.781733746130031 0.8735632183908046 0.781733746130031 0.8735632183908046 0.8374613003095975 0.8017241379310345 0.8374613003095975
0 0.8908045977011494 0.8142414860681114 0.9554597701149425 0.8142414860681114 0.9554597701149425 0.8962848297213623 0.8908045977011494 0.8962848297213623
0 0.16954022988505746 0.8421052631578947 0.25287356321839083 0.8421052631578947 0.25287356321839083 0.9195046439628483 0.16954022988505746 0.9195046439628483
0 0.23132183908045978 0.7321981424148607 0.33189655172413796 0.7321981424148607 0.33189655172413796 0.7941176470588235 0.23132183908045978 0.7941176470588235
0 0.22557471264367815 0.6609907120743034 0.29022988505747127 0.6609907120743034 0.29022988505747127 0.7321981424148607 0.22557471264367815 0.7321981424148607
0 0.20402298850574713 0.5077399380804953 0.2543103448275862 0.5077399380804953 0.2543103448275862 0.5851393188854489 0.20402298850574713 0.5851393188854489
0 0.11781609195402298 0.5046439628482973 0.1910919540229885 0.5046439628482973 0.1910919540229885 0.5619195046439629 0.11781609195402298 0.5619195046439629
0 0.6738505747126436 0.8034055727554179 0.7744252873563219 0.8034055727554179 0.7744252873563219 0.8746130030959752 0.6738505747126436 0.8746130030959752