0 0.5681770833333334 0.04608108108108107 0.7765104166666666 0.04608108108108107 0.7765104166666666 0.18736486486486484 0.5681770833333334 0.18736486486486484
1 0.36932291666666667 0.4391891891891892 0.8996354166666666 0.4391891891891892 0.8996354166666666 0.7877702702702702 0.36932291666666667 0.7877702702702702
0 0.7149739583333332 0.3501351351351351 0.8925260416666667 0.3501351351351351 0.8925260416666667 0.519054054054054 0.7149739583333332 0.519054054054054
0 0.7599218749999999 0.6649155405405406 0.9999739583333334 0.6649155405405406 0.9999739583333334 0.7969763513513515 0.7599218749999999 0.7969763513513515
0 0.7078645833333334 0.6910304054054054 0.8711979166666667 0.6910304054054054 0.8711979166666667 0.8522804054054054 0.7078645833333334 0.8522804054054054
0 0.5823697916666667 0.7171283783783784 0.7173177083333333 0.7171283783783784 0.7173177083333333 0.9136824324324324 0.5823697916666667 0.9136824324324324
0 0.45692708333333326 0.7109797297297297 0.57765625 0.7109797297297297 0.57765625 0.8967905405405405 0.45692708333333326 0.8967905405405405
0 0.319609375 0.6372804054054054 0.48059895833333327 0.6372804054054054 0.48059895833333327 0.7309628378378379 0.319609375 0.7309628378378379
0 0.15859375 0.6096283783783784 0.34088541666666666 0.6096283783783784 0.34088541666666666 0.6940878378378378 0.15859375 0.6940878378378378
0 0.14442708333333332 0.3900675675675675 0.29359375 0.3900675675675675 0.29359375 0.5466891891891892 0.14442708333333332 0.5466891891891892
0 0.31015624999999997 0.4100168918918919 0.48296875 0.4100168918918919 0.48296875 0.5374831081081081 0.31015624999999997 0.5374831081081081
0 0.34325520833333334 0.3255574324324324 0.4876822916666666 0.3255574324324324 0.4876822916666666 0.3961993243243243 0.34325520833333334 0.3961993243243243
0 0.35273437500000004 0.23648648648648649 0.5918489583333334 0.23648648648648649 0.5918489583333334 0.32709459459459456 0.35273437500000004 0.32709459459459456