0 0.20238993710691824 0.10361224489795917 0.22899371069182392 0.10361224489795917 0.22899371069182392 0.15385714285714286 0.20238993710691824 0.15385714285714286
0 0.20480083857442347 0.05023469387755101 0.22899371069182387 0.05023469387755101 0.22899371069182387 0.10988775510204081 0.20480083857442347 0.10988775510204081
0 0.15722746331236898 0 0.1806132075471698 0 0.1806132075471698 0.06751020408163265 0.15722746331236898 0.06751020408163265
0 0.17416666666666666 0 0.19593815513626833 0 0.19593815513626833 0.08791836734693877 0.17416666666666666 0.08791836734693877
0 0.1911006289308176 0 0.2169077568134172 0 0.2169077568134172 0.07534693877551021 0.1911006289308176 0.07534693877551021
0 0.06450733752620545 0.08790816326530611 0.10320754716981133 0.08790816326530611 0.10320754716981133 0.15384693877551017 0.06450733752620545 0.15384693877551017
0 0.07902515723270438 0.043959183673469376 0.10724318658280922 0.043959183673469376 0.10724318658280922 0.11616326530612245 0.07902515723270438 0.11616326530612245
0 0.006446540880503143 0.06751020408163265 0.04837526205450734 0.06751020408163265 0.04837526205450734 0.1255918367346939 0.006446540880503143 0.1255918367346939
0 0.03950733752620545 0.16483673469387758 0.07982180293501048 0.16483673469387758 0.07982180293501048 0.21193877551020407 0.03950733752620545 0.21193877551020407
0 0.03225366876310272 0.13972448979591834 0.0709538784067086 0.13972448979591834 0.0709538784067086 0.18211224489795919 0.03225366876310272 0.18211224489795919
0 0 0.6342244897959183 0.015324947589098532 0.6342244897959183 0.015324947589098532 0.6813265306122449 0 0.6813265306122449
0 0.024187631027253673 0.7598061224489796 0.04595911949685534 0.7598061224489796 0.04595911949685534 0.8335816326530612 0.024187631027253673 0.8335816326530612
0 0.0024161425576519915 0.9010918367346938 0.02741614255765199 0.9010918367346938 0.02741614255765199 0.9701734693877551 0.0024161425576519915 0.9701734693877551
0 0.45234276729559747 0.032969387755102046 0.4934643605870021 0.032969387755102046 0.4934643605870021 0.07849999999999999 0.45234276729559747 0.07849999999999999
0 0.49507861635220124 0.18054081632653063 0.527332285115304 0.18054081632653063 0.527332285115304 0.23705102040816325 0.49507861635220124 0.23705102040816325
0 0.8168029350104822 0.07220408163265307 0.845020964360587 0.07220408163265307 0.845020964360587 0.13342857142857142 0.8168029350104822 0.13342857142857142
0 0.8425995807127883 0.5337448979591836 0.8788888888888888 0.5337448979591836 0.8788888888888888 0.5902551020408163 0.8425995807127883 0.5902551020408163
1 0.019350104821802935 0.29514285714285715 0.11368972746331238 0.29514285714285715 0.11368972746331238 0.4897959183673469 0.019350104821802935 0.4897959183673469
1 0.23302935010482184 0.27943877551020413 0.34107966457023065 0.27943877551020413 0.34107966457023065 0.48509183673469386 0.23302935010482184 0.48509183673469386
1 0.46685534591194966 0.274734693877551 0.5716771488469602 0.274734693877551 0.5716771488469602 0.47567346938775507 0.46685534591194966 0.47567346938775507
1 0.6926362683438155 0.274734693877551 0.7950366876310273 0.274734693877551 0.7950366876310273 0.47881632653061224 0.6926362683438155 0.47881632653061224
1 0.9062997903563941 0.28414285714285714 0.995 0.28414285714285714 0.995 0.4787959183673469 0.9062997903563941 0.4787959183673469