0 0.5540220385674931 0.3562570621468926 0.6366666666666667 0.3562570621468926 0.6366666666666667 0.4723870056497175 0.5540220385674931 0.4723870056497175
0 0.6810468319559229 0.39233050847457623 0.8034710743801652 0.39233050847457623 0.8034710743801652 0.48179378531073447 0.6810468319559229 0.48179378531073447
0 0.7545041322314051 0.5022033898305084 0.8692975206611571 0.5022033898305084 0.8692975206611571 0.5790960451977402 0.7545041322314051 0.5790960451977402
0 0.6488980716253444 0.5053248587570622 0.7606336088154271 0.5053248587570622 0.7606336088154271 0.6010593220338983 0.6488980716253444 0.6010593220338983
0 0.6489118457300276 0.6465819209039547 0.789710743801653 0.6465819209039547 0.789710743801653 0.7595762711864407 0.6489118457300276 0.7595762711864407
0 0.8157300275482094 0.7187570621468926 0.9198071625344352 0.7187570621468926 0.9198071625344352 0.8317514124293786 0.8157300275482094 0.8317514124293786
0 0.8417630853994489 0.8490112994350281 0.9917355371900827 0.8490112994350281 0.9917355371900827 0.9494632768361583 0.8417630853994489 0.9494632768361583
0 0.48822314049586774 0.7297457627118645 0.5678099173553719 0.7297457627118645 0.5678099173553719 0.8788418079096045 0.48822314049586774 0.8788418079096045
0 0.3810881542699724 0.5932062146892656 0.480564738292011 0.5932062146892656 0.480564738292011 0.6889406779661017 0.3810881542699724 0.6889406779661017
0 0.28621212121212125 0.47080508474576277 0.378030303030303 0.47080508474576277 0.378030303030303 0.5806638418079096 0.28621212121212125 0.5806638418079096
0 0.13926997245179062 0.5100282485875707 0.24640495867768594 0.5100282485875707 0.24640495867768594 0.5963559322033899 0.13926997245179062 0.5963559322033899
0 0.1040633608815427 0.2981920903954802 0.22497245179063358 0.2981920903954802 0.22497245179063358 0.3954802259887006 0.1040633608815427 0.3954802259887006
0 0.24641873278236914 0.06435028248587571 0.37650137741046835 0.06435028248587571 0.37650137741046835 0.16480225988700567 0.24641873278236914 0.16480225988700567