0 0.8912622549019608 0.45453795379537953 0.9792769607843136 0.45453795379537953 0.9792769607843136 0.552062706270627 0.8912622549019608 0.552062706270627
0 0.7542279411764706 0.37952145214521454 0.8422426470588235 0.37952145214521454 0.8422426470588235 0.45453795379537953 0.7542279411764706 0.45453795379537953
0 0.848921568627451 0.5775577557755776 0.9436274509803921 0.5775577557755776 0.9436274509803921 0.6555775577557755 0.848921568627451 0.6555775577557755
0 0.8923774509803922 0.6435808580858086 0.9491911764705881 0.6435808580858086 0.9491911764705881 0.7605775577557755 0.8923774509803922 0.7605775577557755
0 0.8433578431372548 0.7305775577557756 0.9324754901960784 0.7305775577557756 0.9324754901960784 0.843085808580858 0.8433578431372548 0.843085808580858
0 0.9191176470588235 0.7575907590759076 1 0.7575907590759076 1 0.8505940594059405 0.9191176470588235 0.8505940594059405
0 0.5681862745098039 0.5430528052805281 0.6261274509803921 0.5430528052805281 0.6261274509803921 0.6555610561056106 0.5681862745098039 0.6555610561056106
0 0.597156862745098 0.8010726072607262 0.6706862745098039 0.8010726072607262 0.6706862745098039 0.8745709570957095 0.597156862745098 0.8745709570957095
0 0.7698406862745097 0.864075907590759 0.832218137254902 0.864075907590759 0.832218137254902 0.954075907590759 0.7698406862745097 0.954075907590759
0 0.8232965686274509 0.7860891089108911 0.8823406862745098 0.7860891089108911 0.8823406862745098 0.8985973597359735 0.8232965686274509 0.8985973597359735
1 0.8979411764705882 0.903102310231023 1 0.903102310231023 1 1 0.8979411764705882 1
0 0.9414093137254901 0.9285808580858086 0.9915318627450981 0.9285808580858086 0.9915318627450981 1 0.9414093137254901 1
1 0.4144362745098039 0.8835808580858087 0.6350245098039217 0.8835808580858087 0.6350245098039217 0.999983498349835 0.4144362745098039 0.999983498349835
0 0.43672794117647057 0.9526072607260726 0.4745955882352941 0.9526072607260726 0.4745955882352941 1 0.43672794117647057 1
1 0 0.8670792079207922 0.11362745098039216 0.8670792079207922 0.11362745098039216 0.999983498349835 0 0.999983498349835
0 0.03341911764705882 0.9225907590759076 0.08800245098039217 0.9225907590759076 0.08800245098039217 0.9960891089108911 0.03341911764705882 0.9960891089108911
0 0.061274509803921566 0.8340759075907591 0.12254901960784313 0.8340759075907591 0.12254901960784313 0.9405775577557756 0.061274509803921566 0.9405775577557756
0 0.14482843137254903 0.8175742574257425 0.21389705882352944 0.8175742574257425 0.21389705882352944 0.9135808580858086 0.14482843137254903 0.9135808580858086
0 0.010036764705882354 0.7260726072607261 0.06128676470588236 0.7260726072607261 0.06128676470588236 0.8205940594059405 0.010036764705882354 0.8205940594059405
0 0.11475490196078429 0.6750660066006601 0.2005392156862745 0.6750660066006601 0.2005392156862745 0.7875742574257425 0.11475490196078429 0.7875742574257425
0 0.2651470588235294 0.7035643564356436 0.3509313725490196 0.7035643564356436 0.3509313725490196 0.7800660066006601 0.2651470588235294 0.7800660066006601
0 0.19162990196078433 0.5970627062706271 0.26626225490196076 0.5970627062706271 0.26626225490196076 0.6900660066006601 0.19162990196078433 0.6900660066006601
0 0.25066176470588236 0.5385643564356436 0.30747549019607845 0.5385643564356436 0.30747549019607845 0.657079207920792 0.25066176470588236 0.657079207920792
0 0.18493872549019608 0.44254125412541256 0.26849264705882353 0.44254125412541256 0.26849264705882353 0.5190429042904291 0.18493872549019608 0.5190429042904291
0 0.07018382352941176 0.339026402640264 0.14481617647058823 0.339026402640264 0.14481617647058823 0.41853135313531353 0.07018382352941176 0.41853135313531353
0 0.0044485294117647045 0.3795214521452146 0.07128676470588236 0.3795214521452146 0.07128676470588236 0.4875412541254126 0.0044485294117647045 0.4875412541254126
0 0.20388480392156863 0.306023102310231 0.26626225490196076 0.306023102310231 0.26626225490196076 0.41252475247524756 0.20388480392156863 0.41252475247524756
0 0.2996936274509804 0.36003300330033006 0.3631985294117647 0.36003300330033006 0.3631985294117647 0.49204620462046206 0.2996936274509804 0.49204620462046206
0 0.4133210784313726 0.444042904290429 0.4801593137254902 0.444042904290429 0.4801593137254902 0.5685643564356436 0.4133210784313726 0.5685643564356436
0 0.5236151960784314 0.17851485148514853 0.5826593137254902 0.17851485148514853 0.5826593137254902 0.29402640264026403 0.5236151960784314 0.29402640264026403
0 0.5871200980392156 0.20400990099009902 0.6673406862745097 0.20400990099009902 0.6673406862745097 0.279026402640264 0.5871200980392156 0.279026402640264
0 0.6962990196078431 0.19052805280528048 0.769828431372549 0.19052805280528048 0.769828431372549 0.26702970297029704 0.6962990196078431 0.26702970297029704
0 0.6695588235294118 0.010495049504950494 0.7341666666666667 0.010495049504950494 0.7341666666666667 0.09900990099009901 0.6695588235294118 0.09900990099009901
0 0.9503063725490196 0.000016501650165019082 0.9999877450980392 0.000016501650165019082 0.9999877450980392 0.03450495049504951 0.9503063725490196 0.03450495049504951
0 0.34203431372549015 0 0.41110294117647056 0 0.41110294117647056 0.07801980198019802 0.34203431372549015 0.07801980198019802
0 0.28855392156862747 0.027013201320132015 0.3464950980392157 0.027013201320132015 0.3464950980392157 0.1275082508250825 0.28855392156862747 0.1275082508250825
0 0.2818504901960785 0.12003300330033002 0.3620710784313726 0.12003300330033002 0.3620710784313726 0.20702970297029702 0.2818504901960785 0.20702970297029702
0 0.1414828431372549 0.06750825082508251 0.1893995098039216 0.06750825082508251 0.1893995098039216 0.18153465346534653 0.1414828431372549 0.18153465346534653
0 0.0679656862745098 0.13800330033003302 0.12031862745098039 0.13800330033003302 0.12031862745098039 0.24001650165016505 0.0679656862745098 0.24001650165016505
0 0.37210784313725487 0.24001650165016505 0.4423039215686274 0.24001650165016505 0.4423039215686274 0.3405115511551155 0.37210784313725487 0.3405115511551155
0 0.309718137254902 0.264026402640264 0.3843504901960784 0.264026402640264 0.3843504901960784 0.3675247524752476 0.309718137254902 0.3675247524752476