1 0.4899135446685879 0.8571451612903227 0.7643804034582132 0.8571451612903227 0.7643804034582132 1.000016129032258 0.4899135446685879 1.000016129032258
1 0 0.8678870967741934 0.13861671469740636 0.8678870967741934 0.13861671469740636 0.999983870967742 0 0.999983870967742
0 0.13311239193083574 0.2903225806451613 0.24838616714697406 0.2903225806451613 0.24838616714697406 0.3640645161290323 0.13311239193083574 0.3640645161290323
0 0.13861671469740636 0.21814516129032258 0.2456484149855908 0.21814516129032258 0.2456484149855908 0.30108064516129035 0.13861671469740636 0.30108064516129035
0 0.07409221902017292 0.3809516129032258 0.16193083573487033 0.3809516129032258 0.16193083573487033 0.4731129032258064 0.07409221902017292 0.4731129032258064
0 0.05213256484149856 0.47619354838709677 0.13311239193083574 0.47619354838709677 0.13311239193083574 0.6298064516129033 0.05213256484149856 0.6298064516129033
0 0.14134005763688762 0.5468548387096774 0.26897694524495674 0.5468548387096774 0.26897694524495674 0.6297903225806452 0.14134005763688762 0.6297903225806452
0 0.1413544668587896 0.4885 0.23466858789625358 0.4885 0.23466858789625358 0.563758064516129 0.1413544668587896 0.563758064516129
0 0.1550864553314121 0.40706451612903227 0.2511383285302594 0.40706451612903227 0.2511383285302594 0.49616129032258066 0.1550864553314121 0.49616129032258066
0 0.23328530259365995 0.3548387096774194 0.3334582132564841 0.3548387096774194 0.3334582132564841 0.4362580645161291 0.23328530259365995 0.4362580645161291
0 0.4322766570605187 0.12133870967741933 0.574985590778098 0.12133870967741933 0.574985590778098 0.24575806451612903 0.4322766570605187 0.24575806451612903
0 0.3869884726224784 0.10291935483870968 0.485806916426513 0.10291935483870968 0.485806916426513 0.18895161290322582 0.3869884726224784 0.18895161290322582
0 0.500878962536023 0.05683870967741936 0.5763544668587897 0.05683870967741936 0.5763544668587897 0.14438709677419356 0.500878962536023 0.14438709677419356
0 0.6010662824207493 0.0798709677419355 0.6861383285302594 0.0798709677419355 0.6861383285302594 0.17509677419354838 0.6010662824207493 0.17509677419354838
0 0.44462536023054755 0.36406451612903223 0.547536023054755 0.36406451612903223 0.547536023054755 0.4608387096774194 0.44462536023054755 0.4608387096774194
0 0.5269596541786743 0.43472580645161285 0.625778097982709 0.43472580645161285 0.625778097982709 0.5361129032258064 0.5269596541786743 0.5361129032258064
0 0.6545965417867435 0.42704838709677423 0.7520317002881846 0.42704838709677423 0.7520317002881846 0.5099838709677419 0.6545965417867435 0.5099838709677419
0 0.3760230547550433 0.34869354838709676 0.4473775216138329 0.34869354838709676 0.4473775216138329 0.45775806451612905 0.3760230547550433 0.45775806451612905
0 0.47482708933717577 0.5176612903225807 0.5873631123919308 0.5176612903225807 0.5873631123919308 0.6190483870967742 0.47482708933717577 0.6190483870967742
0 0.43914985590778105 0.5837096774193549 0.5420605187319885 0.5837096774193549 0.5420605187319885 0.671258064516129 0.43914985590778105 0.671258064516129
0 0.3293515850144092 0.6344193548387097 0.4254034582132564 0.6344193548387097 0.4254034582132564 0.7465483870967742 0.3293515850144092 0.7465483870967742
0 0.14270893371757926 0.7572903225806451 0.23740634005763686 0.7572903225806451 0.23740634005763686 0.8463870967741935 0.14270893371757926 0.8463870967741935
0 0.6875072046109509 0.6897096774193548 0.7931844380403457 0.6897096774193548 0.7931844380403457 0.7788064516129033 0.6875072046109509 0.7788064516129033
0 0.8110230547550432 0.6989032258064516 0.8878818443804034 0.6989032258064516 0.8878818443804034 0.797225806451613 0.8110230547550432 0.797225806451613
0 0.8892507204610951 0.6973870967741935 0.9770893371757925 0.6973870967741935 0.9770893371757925 0.7926129032258064 0.8892507204610951 0.7926129032258064
0 0.9112103746397694 0.7849354838709677 0.9894236311239193 0.7849354838709677 0.9894236311239193 0.9369999999999999 0.9112103746397694 0.9369999999999999
0 0.8357204610951009 0.9201129032258063 0.912579250720461 0.9201129032258063 0.912579250720461 0.9800161290322581 0.8357204610951009 0.9800161290322581
0 0.7122190201729106 0.9216612903225806 0.8343515850144092 0.9216612903225806 0.8343515850144092 0.9892419354838711 0.7122190201729106 0.9892419354838711
0 0.6655763688760806 0.8433064516129031 0.7849711815561959 0.8433064516129031 0.7849711815561959 0.9277903225806452 0.6655763688760806 0.9277903225806452
0 0.528328530259366 0.8033709677419354 0.6216426512968299 0.8033709677419354 0.6216426512968299 0.9216612903225806 0.528328530259366 0.9216612903225806
0 0.45149855907780984 0.850983870967742 0.5653890489913544 0.850983870967742 0.5653890489913544 0.9293387096774193 0.45149855907780984 0.9293387096774193
0 0.09743515850144092 0.9155322580645161 0.22780979827089337 0.9155322580645161 0.22780979827089337 0.9907903225806453 0.09743515850144092 0.9907903225806453
0 0.06726224783861673 0.8586612903225807 0.1523342939481268 0.8586612903225807 0.1523342939481268 0.9769516129032256 0.06726224783861673 0.9769516129032256
0 -0.000014409221902014425 0.8832580645161291 0.06998559077809799 0.8832580645161291 0.06998559077809799 0.9554516129032258 -0.000014409221902014425 0.9554516129032258