0 0.5189912280701755 0.18181818181818182 0.6374122807017545 0.18181818181818182 0.6374122807017545 0.29545454545454547 0.5189912280701755 0.29545454545454547
0 0.39037280701754384 0.1590681818181818 0.49269736842105266 0.1590681818181818 0.49269736842105266 0.2893863636363636 0.39037280701754384 0.2893863636363636
0 0.26607456140350877 0.16061363636363638 0.3874342105263158 0.16061363636363638 0.3874342105263158 0.2893863636363636 0.26607456140350877 0.2893863636363636
0 0.19296052631578947 0.10604545454545454 0.29239035087719295 0.10604545454545454 0.29239035087719295 0.21059090909090908 0.19296052631578947 0.21059090909090908
0 0.8611184210526316 0.2545681818181818 0.9590570175438596 0.2545681818181818 0.9590570175438596 0.4151590909090909 0.8611184210526316 0.4151590909090909
0 0.10673245614035089 0.6469772727272727 0.20467105263157895 0.6469772727272727 0.20467105263157895 0.82275 0.10673245614035089 0.82275
0 0.19589912280701754 0.6727045454545455 0.326030701754386 0.6727045454545455 0.326030701754386 0.7712045454545455 0.19589912280701754 0.7712045454545455
0 0.33624999999999994 0.7121136363636363 0.4166447368421053 0.7121136363636363 0.4166447368421053 0.8060681818181819 0.33624999999999994 0.8060681818181819
0 0.22660087719298244 0.7636363636363637 0.3508552631578948 0.7636363636363637 0.3508552631578948 0.8681818181818182 0.22660087719298244 0.8681818181818182
0 0.3114254385964912 0.8636363636363636 0.44445175438596496 0.8636363636363636 0.44445175438596496 0.9818181818181818 0.3114254385964912 0.9818181818181818
0 0.3391885964912281 0.8151590909090908 0.45177631578947364 0.8151590909090908 0.45177631578947364 0.9000227272727273 0.3391885964912281 0.9000227272727273