1 0.5926544240400667 0.26858877086494687 0.672787979966611 0.26858877086494687 0.672787979966611 0.4264036418816389 0.5926544240400667 0.4264036418816389
1 0.7621035058430717 0.2822458270106222 0.8347245409015025 0.2822458270106222 0.8347245409015025 0.4309559939301973 0.7621035058430717 0.4309559939301973
1 0.9090150250417363 0.30197268588770865 0.9707846410684474 0.30197268588770865 0.9707846410684474 0.4355083459787557 0.9090150250417363 0.4355083459787557
1 0.40984974958263776 0.26100151745068284 0.494991652754591 0.26100151745068284 0.494991652754591 0.4157814871016692 0.40984974958263776 0.4157814871016692
1 0.22120200333889817 0.25796661608497723 0.3055091819699499 0.25796661608497723 0.3055091819699499 0.40819423368740515 0.22120200333889817 0.40819423368740515
1 0.045909849749582635 0.26555386949924126 0.12270450751252086 0.26555386949924126 0.12270450751252086 0.41274658573596357 0.045909849749582635 0.41274658573596357
0 0.4674457429048414 0.21851289833080426 0.493322203672788 0.21851289833080426 0.493322203672788 0.26100151745068284 0.4674457429048414 0.26100151745068284
0 0.5025041736227045 0.22306525037936267 0.5242070116861436 0.22306525037936267 0.5242070116861436 0.26707132018209406 0.5025041736227045 0.26707132018209406
0 0.5091819699499165 0.1638846737481032 0.5325542570951586 0.1638846737481032 0.5325542570951586 0.2109256449165402 0.5091819699499165 0.2109256449165402
0 0.4240400667779633 0.12291350531107739 0.44908180300500833 0.12291350531107739 0.44908180300500833 0.18361153262518967 0.4240400667779633 0.18361153262518967
0 0.48914858096828046 0.30652503793626706 0.5200333889816361 0.30652503793626706 0.5200333889816361 0.34749620637329287 0.48914858096828046 0.34749620637329287
0 0.6435726210350584 0.38543247344461307 0.6702838063439065 0.38543247344461307 0.6702838063439065 0.4339908952959029 0.6435726210350584 0.4339908952959029
0 0.5943238731218697 0.330804248861912 0.6143572621035058 0.330804248861912 0.6143572621035058 0.37177541729893776 0.5943238731218697 0.37177541729893776
0 0.3756260434056761 0.34294385432473445 0.4040066777963272 0.34294385432473445 0.4040066777963272 0.40515933232169954 0.3756260434056761 0.40515933232169954
0 0.38647746243739567 0.22306525037936267 0.4090150250417362 0.22306525037936267 0.4090150250417362 0.2701062215477997 0.38647746243739567 0.2701062215477997
0 0.32637729549248745 0.19271623672230653 0.35225375626043404 0.19271623672230653 0.35225375626043404 0.23520485584218512 0.32637729549248745 0.23520485584218512
0 0.2353923205342237 0.20182094081942337 0.2604340567612688 0.20182094081942337 0.2604340567612688 0.23823975720789076 0.2353923205342237 0.23823975720789076
0 0.2587646076794658 0.19575113808801214 0.27963272120200333 0.19575113808801214 0.27963272120200333 0.24582701062215478 0.2587646076794658 0.24582701062215478
0 0.09181969949916527 0.5918057663125948 0.11018363939899833 0.5918057663125948 0.11018363939899833 0.6388467374810318 0.09181969949916527 0.6388467374810318
0 0.09515859766277128 0.802731411229135 0.1302170283806344 0.802731411229135 0.1302170283806344 0.8452200303490136 0.09515859766277128 0.8452200303490136
0 0.001669449081803005 0.8634294385432474 0.028380634390651086 0.8634294385432474 0.028380634390651086 0.8998482549317147 0.001669449081803005 0.8998482549317147
0 0.1001669449081803 0.9119878603945372 0.12520868113522537 0.9119878603945372 0.12520868113522537 0.9681335356600911 0.1001669449081803 0.9681335356600911
0 0.24040066777963273 0.8512898330804249 0.2646076794657763 0.8512898330804249 0.2646076794657763 0.8907435508345979 0.24040066777963273 0.8907435508345979
0 0.3597662771285476 0.8861911987860395 0.3806343906510851 0.8861911987860395 0.3806343906510851 0.9408194233687405 0.3597662771285476 0.9408194233687405
0 0.41485809682804675 0.91350531107739 0.44741235392320533 0.91350531107739 0.44741235392320533 0.9559939301972686 0.41485809682804675 0.9559939301972686
0 0.48163606010016696 0.9074355083459787 0.513355592654424 0.9074355083459787 0.513355592654424 0.9544764795144158 0.48163606010016696 0.9544764795144158
0 0.5275459098497496 0.9301972685887708 0.5559265442404007 0.9301972685887708 0.5559265442404007 0.9742033383915023 0.5275459098497496 0.9742033383915023
0 0.6519198664440734 0.874051593323217 0.674457429048414 0.874051593323217 0.674457429048414 0.9195751138088012 0.6519198664440734 0.9195751138088012
0 0.8155258764607679 0.9590288315629742 0.8330550918196995 0.9590288315629742 0.8330550918196995 0.9954476479514416 0.8155258764607679 0.9954476479514416
0 0.9716193656093489 0.8270106221547799 0.9941569282136895 0.8270106221547799 0.9941569282136895 0.8634294385432474 0.9716193656093489 0.8634294385432474
0 0.6702838063439065 0.7344461305007587 0.6928213689482471 0.7344461305007587 0.6928213689482471 0.7830045523520486 0.6702838063439065 0.7830045523520486
0 0.024207011686143573 0.26251896813353565 0.04757929883138564 0.26251896813353565 0.04757929883138564 0.29742033383915023 0.024207011686143573 0.29742033383915023
0 0.052587646076794656 0.26858877086494687 0.07011686143572621 0.26858877086494687 0.07011686143572621 0.3095599393019727 0.052587646076794656 0.3095599393019727