0 0.7507911392405063 0.3417117117117118 0.9908544303797469 0.3417117117117118 0.9908544303797469 0.4581981981981982 0.7507911392405063 0.4581981981981982
0 0.5128481012658228 0.4566666666666667 0.7660126582278481 0.4566666666666667 0.7660126582278481 0.5607207207207208 0.5128481012658228 0.5607207207207208
0 0.7005696202531645 0.6679279279279279 0.864240506329114 0.6679279279279279 0.864240506329114 0.8170270270270271 0.7005696202531645 0.8170270270270271
1 0.03930379746835443 0.05592342342342342 0.6831012658227849 0.05592342342342342 0.6831012658227849 0.523445945945946 0.03930379746835443 0.523445945945946
0 0.43651898734177214 0.3090990990990991 0.6089240506329114 0.3090990990990991 0.6089240506329114 0.45045045045045046 0.43651898734177214 0.45045045045045046
0 0.4387025316455696 0.12738738738738736 0.6329430379746835 0.12738738738738736 0.6329430379746835 0.2314414414414414 0.4387025316455696 0.2314414414414414
0 0.4015506329113924 0 0.6132594936708862 0 0.6132594936708862 0.11027027027027027 0.4015506329113924 0.11027027027027027
0 0.22477848101265824 0.086981981981982 0.4299050632911392 0.086981981981982 0.4299050632911392 0.18481981981981982 0.22477848101265824 0.18481981981981982
0 0.07854430379746835 0.2702927927927928 0.23132911392405062 0.2702927927927928 0.23132911392405062 0.38988738738738743 0.07854430379746835 0.38988738738738743
0 0.2095253164556962 0.3727927927927928 0.3950316455696202 0.3727927927927928 0.3950316455696202 0.47684684684684686 0.2095253164556962 0.47684684684684686
0 0.013132911392405059 0.5017117117117117 0.22699367088607592 0.5017117117117117 0.22699367088607592 0.6554954954954955 0.013132911392405059 0.6554954954954955
0 0.1396518987341772 0.6647972972972972 0.323006329113924 0.6647972972972972 0.323006329113924 0.8403378378378379 0.1396518987341772 0.8403378378378379
0 0.3229746835443038 0.7098423423423423 0.5128481012658228 0.7098423423423423 0.5128481012658228 0.860518018018018 0.3229746835443038 0.860518018018018
0 0.5172784810126583 0.5669369369369369 0.7093037974683545 0.5669369369369369 0.7093037974683545 0.7346846846846846 0.5172784810126583 0.7346846846846846
0 0 0.7486711711711712 0.17025316455696202 0.7486711711711712 0.17025316455696202 0.9117792792792793 0 0.9117792792792793
0 0.22699367088607597 0.8698423423423425 0.432120253164557 0.8698423423423425 0.432120253164557 0.9879054054054054 0.22699367088607597 0.9879054054054054