0 0.7587285714285714 0.11142276422764227 0.8148142857142857 0.11142276422764227 0.8148142857142857 0.1806910569105691 0.7587285714285714 0.1806910569105691
0 0.833857142857143 0.24087398373983737 0.8888857142857143 0.24087398373983737 0.8888857142857143 0.320670731707317 0.833857142857143 0.320670731707317
0 0.8613714285714287 0.2680081300813008 0.9100571428571428 0.2680081300813008 0.9100571428571428 0.3523170731707317 0.8613714285714287 0.3523170731707317
0 0.7756428571428572 0.35530487804878047 0.8211571428571428 0.35530487804878047 0.8211571428571428 0.42607723577235773 0.7756428571428572 0.42607723577235773
0 0.6952285714285714 0.2213008130081301 0.7460285714285715 0.2213008130081301 0.7460285714285715 0.264959349593496 0.6952285714285714 0.264959349593496
0 0.8730142857142857 0.08132113821138212 0.9153285714285713 0.08132113821138212 0.9153285714285713 0.17315040650406505 0.8730142857142857 0.17315040650406505
0 0.8613857142857143 0.012052845528455284 0.9132428571428571 0.012052845528455284 0.9132428571428571 0.0768089430894309 0.8613857142857143 0.0768089430894309
0 0.8031714285714286 0.016565040650406503 0.8539714285714285 0.016565040650406503 0.8539714285714285 0.09335365853658537 0.8031714285714286 0.09335365853658537
0 0.9439000000000001 0.001524390243902439 0.9894142857142856 0.001524390243902439 0.9894142857142856 0.08132113821138211 0.9439000000000001 0.08132113821138211
0 0.4190428571428571 0.21079268292682926 0.46878571428571436 0.21079268292682926 0.46878571428571436 0.3282317073170732 0.4190428571428571 0.3282317073170732
0 0.35874285714285714 0.1851829268292683 0.42857142857142855 0.1851829268292683 0.42857142857142855 0.2529471544715447 0.35874285714285714 0.2529471544715447
0 0.14285714285714285 0.26949186991869917 0.19577142857142857 0.26949186991869917 0.19577142857142857 0.3613211382113821 0.14285714285714285 0.3613211382113821
0 0.1375714285714286 0.36132113821138206 0.20317142857142856 0.36132113821138206 0.20317142857142856 0.4290853658536586 0.1375714285714286 0.4290853658536586
0 0.059271428571428565 0.5224186991869918 0.13015714285714286 0.5224186991869918 0.13015714285714286 0.6052235772357724 0.059271428571428565 0.6052235772357724
0 0.03281428571428571 0.5811585365853659 0.09312857142857142 0.5811585365853659 0.09312857142857142 0.6579471544715447 0.03281428571428571 0.6579471544715447
0 0.13332857142857144 0.5224390243902439 0.19575714285714285 0.5224390243902439 0.19575714285714285 0.6007317073170731 0.13332857142857144 0.6007317073170731
0 0.20528571428571427 0.5585772357723577 0.2708857142857143 0.5585772357723577 0.2708857142857143 0.6278455284552846 0.20528571428571427 0.6278455284552846
0 0.4010571428571429 0.44414634146341464 0.45608571428571426 0.44414634146341464 0.45608571428571426 0.5540650406504065 0.4010571428571429 0.5540650406504065
0 0.5682571428571428 0.44113821138211384 0.6275142857142857 0.44113821138211384 0.6275142857142857 0.537479674796748 0.5682571428571428 0.537479674796748
0 0.6465714285714286 0.3989634146341463 0.7058285714285714 0.3989634146341463 0.7058285714285714 0.47876016260162596 0.6465714285714286 0.47876016260162596
0 0.5618857142857143 0.6910772357723578 0.6084571428571429 0.6910772357723578 0.6084571428571429 0.7829065040650407 0.5618857142857143 0.7829065040650407
0 0.4624142857142857 0.7588008130081301 0.5343857142857142 0.7588008130081301 0.5343857142857142 0.8476219512195122 0.4624142857142857 0.8476219512195122
0 0.6507857142857142 0.7452642276422764 0.7132142857142857 0.7452642276422764 0.7132142857142857 0.8220528455284553 0.6507857142857142 0.8220528455284553
0 0.8952428571428571 0.751260162601626 0.9534428571428571 0.751260162601626 0.9534428571428571 0.8295528455284552 0.8952428571428571 0.8295528455284552