1 0.3088908450704226 0.46218120805369123 0.6754049295774648 0.46218120805369123 0.6754049295774648 0.7977516778523489 0.3088908450704226 0.7977516778523489
0 0.4769718309859155 0.3218288590604027 0.5585915492957747 0.3218288590604027 0.5585915492957747 0.41944630872483224 0.4769718309859155 0.41944630872483224
0 0.5841725352112677 0.2974328859060403 0.657799295774648 0.2974328859060403 0.657799295774648 0.3996140939597315 0.5841725352112677 0.3996140939597315
0 0.6561971830985917 0.3508221476510067 0.7266197183098592 0.3508221476510067 0.7266197183098592 0.4362248322147651 0.6561971830985917 0.4362248322147651
0 0.30091549295774644 0.3691275167785235 0.38253521126760565 0.3691275167785235 0.38253521126760565 0.44234899328859056 0.30091549295774644 0.44234899328859056
0 0.23526408450704225 0.3370973154362416 0.30410211267605636 0.3370973154362416 0.30410211267605636 0.4072651006711409 0.23526408450704225 0.4072651006711409
0 0.17765845070422537 0.26541946308724834 0.28170774647887326 0.26541946308724834 0.28170774647887326 0.3340436241610738 0.17765845070422537 0.3340436241610738
0 0.04003521126760564 0.2684731543624161 0.11524647887323945 0.2684731543624161 0.11524647887323945 0.3660906040268456 0.04003521126760564 0.3660906040268456
0 0.07684859154929576 0.3965939597315436 0.14885563380281688 0.3965939597315436 0.14885563380281688 0.48810402684563753 0.07684859154929576 0.48810402684563753
0 0.0015845070422535186 0.14337248322147653 0.08961267605633802 0.14337248322147653 0.08961267605633802 0.22421140939597314 0.0015845070422535186 0.22421140939597314
0 0.008010563380281692 0.012197986577181207 0.08163732394366198 0.012197986577181207 0.08163732394366198 0.11135906040268458 0.008010563380281692 0.11135906040268458
0 0.14244718309859156 0.09456375838926175 0.2112852112676056 0.09456375838926175 0.2112852112676056 0.18302013422818791 0.14244718309859156 0.18302013422818791
0 0.20327464788732397 0.1738758389261745 0.2736971830985916 0.1738758389261745 0.2736971830985916 0.256258389261745 0.20327464788732397 0.256258389261745
0 0.252887323943662 0.09610738255033557 0.3649295774647887 0.09610738255033557 0.3649295774647887 0.1632214765100671 0.252887323943662 0.1632214765100671
0 0.3088908450704226 0.007617449664429529 0.3889260563380282 0.007617449664429529 0.3889260563380282 0.0854026845637584 0.3088908450704226 0.0854026845637584
0 0.2720950704225352 0.1678020134228188 0.3617077464788732 0.1678020134228188 0.3617077464788732 0.22575503355704699 0.2720950704225352 0.22575503355704699
0 0.31211267605633797 0.2181208053691275 0.3873239436619718 0.2181208053691275 0.3873239436619718 0.2959060402684564 0.31211267605633797 0.2959060402684564
0 0.44654929577464786 0.1616946308724832 0.5633802816901409 0.1616946308724832 0.5633802816901409 0.22575503355704696 0.44654929577464786 0.22575503355704696
0 0.4705457746478874 0.10828859060402683 0.5601584507042254 0.10828859060402683 0.5601584507042254 0.16929530201342283 0.4705457746478874 0.16929530201342283
0 0.48176056338028167 0.18607382550335572 0.5633802816901409 0.18607382550335572 0.5633802816901409 0.2531879194630873 0.48176056338028167 0.2531879194630873
0 0.5922007042253521 0.15558724832214763 0.6642077464788733 0.15558724832214763 0.6642077464788733 0.2532046979865772 0.5922007042253521 0.2532046979865772
0 0.528169014084507 0.0030536912751677856 0.605 0.0030536912751677856 0.605 0.06560402684563758 0.528169014084507 0.06560402684563758
0 0.6834154929577465 0.03659395973154362 0.771443661971831 0.03659395973154362 0.771443661971831 0.11286912751677852 0.6834154929577465 0.11286912751677852
0 0.7234330985915493 0 0.7970598591549296 0 0.7970598591549296 0.038120805369127514 0.7234330985915493 0.038120805369127514
0 0.870669014084507 0.07322147651006712 0.9475000000000001 0.07322147651006712 0.9475000000000001 0.17389261744966444 0.870669014084507 0.17389261744966444
0 0.9186795774647887 0.032013422818791944 0.9999823943661972 0.032013422818791944 0.9999823943661972 0.09456375838926175 0.9186795774647887 0.09456375838926175
0 0.897887323943662 0.1997986577181208 0.9811267605633802 0.1997986577181208 0.9811267605633802 0.2791275167785235 0.897887323943662 0.2791275167785235
0 0.7378345070422536 0.25471476510067115 0.8098415492957747 0.25471476510067115 0.8098415492957747 0.32488255033557045 0.7378345070422536 0.32488255033557045
0 0.8994894366197184 0.39657718120805374 0.9731161971830986 0.39657718120805374 0.9731161971830986 0.4850335570469799 0.8994894366197184 0.4850335570469799
0 0.8802992957746479 0.33860738255033557 0.9651232394366198 0.33860738255033557 0.9651232394366198 0.4026677852348993 0.8802992957746479 0.4026677852348993
0 0.7922535211267606 0.39352348993288594 0.8754929577464788 0.39352348993288594 0.8754929577464788 0.4728523489932886 0.7922535211267606 0.4728523489932886
0 0.81625 0.481996644295302 0.9074823943661973 0.481996644295302 0.9074823943661973 0.5414932885906041 0.81625 0.5414932885906041
0 0.8818838028169015 0.6436744966442953 0.9507218309859155 0.6436744966442953 0.9507218309859155 0.7199496644295302 0.8818838028169015 0.7199496644295302
0 0.6514084507042254 0.6757214765100672 0.7330281690140845 0.6757214765100672 0.7330281690140845 0.7565604026845637 0.6514084507042254 0.7565604026845637
0 0.7122359154929577 0.7428355704697986 0.8018485915492958 0.7428355704697986 0.8018485915492958 0.8191107382550336 0.7122359154929577 0.8191107382550336
0 0.8130457746478873 0.8023322147651006 0.8866725352112677 0.8023322147651006 0.8866725352112677 0.8770637583892618 0.8130457746478873 0.8770637583892618
0 0.5361795774647886 0.8587416107382551 0.6162147887323943 0.8587416107382551 0.6162147887323943 0.9395805369127517 0.5361795774647886 0.9395805369127517
0 0.5825704225352113 0.7108053691275168 0.6594014084507043 0.7108053691275168 0.6594014084507043 0.8236912751677852 0.5825704225352113 0.8236912751677852
0 0.4865492957746479 0.797751677852349 0.5697887323943662 0.797751677852349 0.5697887323943662 0.8770805369127517 0.4865492957746479 0.8770805369127517
0 0.4273415492957746 0.87248322147651 0.5185739436619718 0.87248322147651 0.5185739436619718 0.9395973154362416 0.4273415492957746 0.9395973154362416
0 0.3745246478873239 0.9045134228187918 0.4529401408450704 0.9045134228187918 0.4529401408450704 0.9999832214765101 0.3745246478873239 0.9999832214765101
0 0.29128521126760565 0.8053691275167785 0.40012323943661976 0.8053691275167785 0.40012323943661976 0.8846979865771811 0.29128521126760565 0.8846979865771811
0 0.2769014084507042 0.7474161073825503 0.38894366197183095 0.7474161073825503 0.38894366197183095 0.8038590604026845 0.2769014084507042 0.8038590604026845
0 0.21767605633802817 0.677248322147651 0.3104929577464789 0.677248322147651 0.3104929577464789 0.7443624161073825 0.21767605633802817 0.7443624161073825
0 0.13443661971830986 0.5521812080536913 0.21767605633802817 0.5521812080536913 0.21767605633802817 0.6528523489932886 0.13443661971830986 0.6528523489932886
0 0.051214788732394365 0.6696140939597316 0.11843309859154928 0.6696140939597316 0.11843309859154928 0.7611241610738255 0.051214788732394365 0.7611241610738255
0 0.12484154929577464 0.6863758389261746 0.19367957746478873 0.6863758389261746 0.19367957746478873 0.7824832214765101 0.12484154929577464 0.7824832214765101
0 0.1664612676056338 0.7611241610738255 0.2336795774647887 0.7611241610738255 0.2336795774647887 0.8602852348993288 0.1664612676056338 0.8602852348993288
0 0.003186619718309857 0.5933724832214766 0.07681338028169013 0.5933724832214766 0.07681338028169013 0.661996644295302 0.003186619718309857 0.661996644295302
0 -0.000017605633802816526 0.751996644295302 0.03839788732394367 0.751996644295302 0.03839788732394367 0.8221644295302014 -0.000017605633802816526 0.8221644295302014
0 0.2624823943661972 0.6345469798657718 0.3761091549295775 0.6345469798657718 0.3761091549295775 0.7047147651006712 0.2624823943661972 0.7047147651006712
0 0.38572183098591545 0.6970805369127517 0.4897711267605634 0.6970805369127517 0.4897711267605634 0.7596308724832215 0.38572183098591545 0.7596308724832215
0 0.47853873239436623 0.7077516778523489 0.5697711267605635 0.7077516778523489 0.5697711267605635 0.7855369127516779 0.47853873239436623 0.7855369127516779
0 0.5745774647887324 0.5353859060402685 0.6514084507042254 0.5353859060402685 0.6514084507042254 0.6436744966442953 0.5745774647887324 0.6436744966442953
0 0.4513380281690141 0.47590604026845634 0.5569718309859155 0.47590604026845634 0.5569718309859155 0.5308053691275167 0.4513380281690141 0.5308053691275167
0 0.3120950704225352 0.4591275167785235 0.3841021126760563 0.4591275167785235 0.3841021126760563 0.5216778523489932 0.3120950704225352 0.5216778523489932
0 0.3329049295774648 0.5460738255033557 0.40012323943661976 0.5460738255033557 0.40012323943661976 0.6528523489932885 0.3329049295774648 0.6528523489932885
0 0.39213028169014086 0.7962080536912752 0.47216549295774646 0.7962080536912752 0.47216549295774646 0.873993288590604 0.39213028169014086 0.873993288590604