0 0.9035594795539034 0.5135434173669468 0.9665520446096654 0.5135434173669468 0.9665520446096654 0.6084733893557422 0.9035594795539034 0.6084733893557422
0 0.7548513011152417 0.3361344537815126 0.814739776951673 0.3361344537815126 0.814739776951673 0.42795518207282907 0.7548513011152417 0.42795518207282907
0 0.7558736059479554 0.07313725490196078 0.8219702602230484 0.07313725490196078 0.8219702602230484 0.15873949579831934 0.7558736059479554 0.15873949579831934
0 0.7114776951672863 0 0.7651765799256506 0 0.7651765799256506 0.05445378151260505 0.7114776951672863 0.05445378151260505
0 0.5018494423791822 0.000014005602240898548 0.5648420074349442 0.000014005602240898548 0.5648420074349442 0.04514005602240897 0.5018494423791822 0.04514005602240897
0 0.5658828996282528 0.141624649859944 0.6422955390334573 0.141624649859944 0.6422955390334573 0.2116526610644258 0.5658828996282528 0.2116526610644258
0 0.5555576208178439 0.21162464985994398 0.610278810408922 0.21162464985994398 0.610278810408922 0.3034453781512605 0.5555576208178439 0.3034453781512605
0 0.5070260223048326 0.1649579831932773 0.5627881040892193 0.1649579831932773 0.5627881040892193 0.2832212885154062 0.5070260223048326 0.2832212885154062
0 0.4626301115241636 0.1618487394957983 0.5245817843866172 0.1618487394957983 0.5245817843866172 0.24745098039215688 0.4626301115241636 0.24745098039215688
0 0.4047862453531599 0.12292717086834733 0.4636524163568774 0.12292717086834733 0.4636524163568774 0.18984593837535016 0.4047862453531599 0.18984593837535016
0 0.2746747211895911 0.056022408963585436 0.33354089219330857 0.056022408963585436 0.33354089219330857 0.14784313725490197 0.2746747211895911 0.14784313725490197
0 0.06401486988847584 0.027997198879551825 0.138364312267658 0.027997198879551825 0.138364312267658 0.10892156862745099 0.06401486988847584 0.10892156862745099
0 0.12184014869888475 0.21941176470588236 0.1879368029739777 0.21941176470588236 0.1879368029739777 0.29100840336134454 0.12184014869888475 0.29100840336134454
0 0.19310408921933087 0.21785714285714286 0.249907063197026 0.21785714285714286 0.249907063197026 0.31900560224089636 0.19310408921933087 0.31900560224089636
0 0.2085966542750929 0.3719327731092436 0.271589219330855 0.3719327731092436 0.271589219330855 0.4777591036414566 0.2085966542750929 0.4777591036414566
0 0.2839684014869889 0.2132072829131653 0.3417936802973978 0.2132072829131653 0.3417936802973978 0.28634453781512603 0.2839684014869889 0.28634453781512603
0 0.3159851301115242 0.3594677871148459 0.3862081784386617 0.3594677871148459 0.3862081784386617 0.4357142857142857 0.3159851301115242 0.4357142857142857
0 0.011356877323420073 0.30656862745098035 0.08983271375464684 0.30656862745098035 0.08983271375464684 0.3812745098039216 0.011356877323420073 0.3812745098039216
0 0.06711895910780669 0.36882352941176466 0.13630111524163568 0.36882352941176466 0.13630111524163568 0.45128851540616244 0.06711895910780669 0.45128851540616244
0 0.14765799256505577 0.5275350140056022 0.22304832713754646 0.5275350140056022 0.22304832713754646 0.6053501400560225 0.14765799256505577 0.6053501400560225
0 0.07022304832713755 0.6442577030812325 0.1363197026022305 0.6442577030812325 0.1363197026022305 0.7080672268907562 0.07022304832713755 0.7080672268907562
0 0.06711895910780669 0.73296918767507 0.1270074349442379 0.73296918767507 0.1270074349442379 0.7967787114845938 0.06711895910780669 0.7967787114845938
0 0.24369888475836435 0.7407282913165266 0.285 0.7407282913165266 0.285 0.832549019607843 0.24369888475836435 0.832549019607843
0 0.34697026022304833 0.6302521008403361 0.40685873605947953 0.6302521008403361 0.40685873605947953 0.7158543417366947 0.34697026022304833 0.7158543417366947
0 0.2901672862453532 0.7329551820728292 0.33663568773234204 0.7329551820728292 0.33663568773234204 0.7920868347338936 0.2901672862453532 0.7920868347338936
0 0.32425650557620816 0.8294397759103642 0.37897769516728624 0.8294397759103642 0.37897769516728624 0.9259103641456581 0.32425650557620816 0.9259103641456581
0 0.4244052044609666 0.8169887955182071 0.49050185873605945 0.8169887955182071 0.49050185873605945 0.896344537815126 0.4244052044609666 0.896344537815126
0 0.3851765799256505 0.7422829131652661 0.44404275092936807 0.7422829131652661 0.44404275092936807 0.7951960784313725 0.3851765799256505 0.7951960784313725
0 0.4584944237918216 0.7049579831932772 0.4956691449814127 0.7049579831932772 0.4956691449814127 0.7952100840336134 0.4584944237918216 0.7952100840336134
0 0.494628252788104 0.745406162464986 0.5493494423791822 0.745406162464986 0.5493494423791822 0.8029971988795517 0.494628252788104 0.8029971988795517
0 0.4977230483271376 0.655140056022409 0.5607156133828997 0.655140056022409 0.5607156133828997 0.7220588235294119 0.4977230483271376 0.7220588235294119
0 0.4667565055762081 0.46217086834733895 0.519414498141264 0.46217086834733895 0.519414498141264 0.5788935574229692 0.4667565055762081 0.5788935574229692
0 0.541096654275093 0.4170588235294117 0.6009851301115242 0.4170588235294117 0.6009851301115242 0.4933053221288516 0.541096654275093 0.4933053221288516
0 0.5741449814126394 0.3625770308123249 0.6247397769516729 0.3625770308123249 0.6247397769516729 0.4326050420168067 0.5741449814126394 0.4326050420168067
0 0.6216449814126394 0.35168067226890753 0.6660501858736059 0.35168067226890753 0.6660501858736059 0.4575070028011204 0.6216449814126394 0.4575070028011204
0 0.661914498141264 0.2318767507002801 0.7228438661710037 0.2318767507002801 0.7228438661710037 0.31434173669467785 0.661914498141264 0.31434173669467785
0 0.6980483271375465 0.1664985994397759 0.7496840148698884 0.1664985994397759 0.7496840148698884 0.25210084033613445 0.6980483271375465 0.25210084033613445
0 0.8240334572490707 0.6037955182072829 0.8622490706319702 0.6037955182072829 0.8622490706319702 0.6831512605042016 0.8240334572490707 0.6831512605042016
0 0.776542750929368 0.6162464985994398 0.8271375464684015 0.6162464985994398 0.8271375464684015 0.706498599439776 0.776542750929368 0.706498599439776
0 0.729042750929368 0.6660364145658263 0.7909944237918216 0.6660364145658263 0.7909944237918216 0.7173809523809525 0.729042750929368 0.7173809523809525
0 0.6546840148698885 0.6069047619047618 0.7001115241635688 0.6069047619047618 0.7001115241635688 0.7080532212885154 0.6546840148698885 0.7080532212885154
0 0.6970260223048327 0.6240336134453781 0.7352416356877323 0.6240336134453781 0.7352416356877323 0.7018487394957983 0.6970260223048327 0.7018487394957983
0 0.5793029739776953 0.6707002801120449 0.6237081784386618 0.6707002801120449 0.6237081784386618 0.7563025210084033 0.5793029739776953 0.7563025210084033
0 0.6856691449814126 0.7283053221288516 0.7321375464684015 0.7283053221288516 0.7321375464684015 0.793655462184874 0.6856691449814126 0.793655462184874
0 0.7507156133828996 0.7345238095238096 0.8178345724907063 0.7345238095238096 0.8178345724907063 0.8092296918767506 0.7507156133828996 0.8092296918767506
0 0.8725743494423792 0.7282913165266106 0.9169795539033457 0.7282913165266106 0.9169795539033457 0.7858823529411764 0.8725743494423792 0.7858823529411764
0 0.9386524163568775 0.8652380952380953 0.997518587360595 0.8652380952380953 0.997518587360595 0.9477030812324931 0.9386524163568775 0.9477030812324931
0 0.8188754646840148 0.857450980392157 0.8581133828996282 0.857450980392157 0.8581133828996282 0.9632773109243697 0.8188754646840148 0.9632773109243697
0 0.5854925650557621 0.7765406162464986 0.6629460966542751 0.7765406162464986 0.6629460966542751 0.8434593837535014 0.5854925650557621 0.8434593837535014
0 0.5782620817843867 0.935252100840336 0.6464219330855018 0.935252100840336 0.6464219330855018 0.9999859943977591 0.5782620817843867 0.9999859943977591
0 0.5235501858736059 0.9632633053221288 0.5741449814126394 0.9632633053221288 0.5741449814126394 0.9999859943977591 0.5235501858736059 0.9999859943977591
0 0.830232342007435 0.9585994397759104 0.8746375464684015 0.9585994397759104 0.8746375464684015 1 0.830232342007435 1