0 0.585995145631068 0.5653404255319149 0.6354126213592234 0.5653404255319149 0.6354126213592234 0.6474255319148937 0.585995145631068 0.6474255319148937
0 0.5755946601941748 0.5228085106382979 0.6137257281553398 0.5228085106382979 0.6137257281553398 0.6063829787234043 0.5755946601941748 0.6063829787234043
0 0.5651820388349514 0.6869148936170212 0.6223907766990292 0.6869148936170212 0.6223907766990292 0.8221914893617022 0.5651820388349514 0.8221914893617022
0 0.8365169902912621 0.8328297872340426 0.8928519417475729 0.8328297872340426 0.8928519417475729 0.9650425531914893 0.8365169902912621 0.9650425531914893
0 0.8763834951456311 0.36931914893617024 0.9249271844660194 0.36931914893617024 0.9249271844660194 0.4757021276595745 0.8763834951456311 0.4757021276595745
0 0.9387985436893204 0.20972340425531913 0.9769296116504854 0.20972340425531913 0.9769296116504854 0.3100212765957447 0.9387985436893204 0.3100212765957447
0 0.9214684466019418 0 0.9856189320388349 0 0.9856189320388349 0.076 0.9214684466019418 0.076
0 0.7775606796116505 0.23555319148936166 0.8417111650485436 0.23555319148936166 0.8417111650485436 0.3161063829787234 0.7775606796116505 0.3161063829787234
0 0.5348422330097087 0.2857021276595745 0.5920509708737863 0.2857021276595745 0.5920509708737863 0.36017021276595745 0.5348422330097087 0.36017021276595745
0 0.4655097087378641 0.33129787234042557 0.519247572815534 0.33129787234042557 0.519247572815534 0.4452978723404255 0.4655097087378641 0.4452978723404255
0 0.47936893203883496 0.49391489361702123 0.5469902912621359 0.49391489361702123 0.5469902912621359 0.5699148936170213 0.47936893203883496 0.5699148936170213
0 0.008677184466019415 0.8601914893617022 0.06069174757281553 0.8601914893617022 0.06069174757281553 0.9407446808510639 0.008677184466019415 0.9407446808510639
0 0.11355582524271844 0.2963404255319149 0.14824029126213592 0.2963404255319149 0.14824029126213592 0.3920851063829787 0.11355582524271844 0.3920851063829787
0 0.15515776699029127 0.2872553191489362 0.19591019417475725 0.2872553191489362 0.19591019417475725 0.3769148936170213 0.15515776699029127 0.3769148936170213
0 0.0545995145631068 0.19757446808510637 0.08928398058252426 0.19757446808510637 0.08928398058252426 0.27051063829787236 0.0545995145631068 0.27051063829787236
0 0.10834951456310679 0.027340425531914896 0.14563106796116504 0.027340425531914896 0.14563106796116504 0.13070212765957448 0.10834951456310679 0.13070212765957448
0 0.10314320388349515 -0.000021276595744680398 0.14302184466019416 -0.000021276595744680398 0.14302184466019416 0.03797872340425532 0.10314320388349515 0.03797872340425532
0 0.386626213592233 -0.000021276595744680398 0.43516990291262136 -0.000021276595744680398 0.43516990291262136 0.03797872340425532 0.386626213592233 0.03797872340425532
0 0 0.4923829787234043 0.03728155339805825 0.4923829787234043 0.03728155339805825 0.589659574468085 0 0.589659574468085