0 0.7905148741418764 0.17971760797342193 0.8539702517162472 0.17971760797342193 0.8539702517162472 0.265797342192691 0.7905148741418764 0.265797342192691
0 0.8279519450800915 0.22951827242524914 0.8716361556064074 0.22951827242524914 0.8716361556064074 0.3276910299003322 0.8279519450800915 0.3276910299003322
0 0.8934897025171625 0.24009966777408642 0.9527803203661327 0.24009966777408642 0.9527803203661327 0.3186378737541528 0.8934897025171625 0.3186378737541528
0 0.9517505720823799 0.2567275747508305 0.9912700228832952 0.2567275747508305 0.9912700228832952 0.33676079734219266 0.9517505720823799 0.33676079734219266
0 0.774908466819222 0.3110963455149502 0.833146453089245 0.3110963455149502 0.833146453089245 0.3941528239202658 0.774908466819222 0.3941528239202658
0 0.7124942791762015 0.3850830564784053 0.7665903890160183 0.3850830564784053 0.7665903890160183 0.45757475083056476 0.7124942791762015 0.45757475083056476
0 0.7312242562929062 0.49533222591362125 0.7790732265446224 0.49533222591362125 0.7790732265446224 0.5466611295681063 0.7312242562929062 0.5466611295681063
0 0.7509954233409611 0.5376079734219269 0.8092334096109841 0.5376079734219269 0.8092334096109841 0.6206644518272425 0.7509954233409611 0.6206644518272425
0 0.8394050343249427 0.6976744186046512 0.8820594965675057 0.6976744186046512 0.8820594965675057 0.7641196013289037 0.8394050343249427 0.7641196013289037
0 0.9018192219679635 0.8049003322259135 0.9496681922196796 0.8049003322259135 0.9496681922196796 0.8743687707641196 0.9018192219679635 0.8743687707641196
0 0.7385011441647596 0.8622923588039868 0.7821853546910755 0.8622923588039868 0.7821853546910755 0.9559136212624584 0.7385011441647596 0.9559136212624584
0 0.7114645308924484 0.7112790697674418 0.749954233409611 0.7112790697674418 0.749954233409611 0.80187707641196 0.7114645308924484 0.80187707641196
0 0.6906521739130435 0.6553820598006644 0.7426659038901602 0.6553820598006644 0.7426659038901602 0.71578073089701 0.6906521739130435 0.71578073089701
0 0.5720823798627003 0.6795681063122923 0.6220137299771168 0.6795681063122923 0.6220137299771168 0.7565780730897009 0.5720823798627003 0.7565780730897009
0 0.6168077803203662 0.6312292358803987 0.6532151029748283 0.6312292358803987 0.6532151029748283 0.7037209302325581 0.6168077803203662 0.7037209302325581
0 0.5762471395881007 0.8109468438538205 0.6220137299771167 0.8109468438538205 0.6220137299771167 0.8970265780730897 0.5762471395881007 0.8970265780730897
0 0.5346453089244851 0.8275581395348837 0.5845766590389017 0.8275581395348837 0.5845766590389017 0.8909800664451827 0.5346453089244851 0.8909800664451827
0 0.5388100686498856 0.9030564784053156 0.5918535469107551 0.9030564784053156 0.5918535469107551 0.9861129568106312 0.5388100686498856 0.9861129568106312
0 0.40670480549199084 0.5813787375415282 0.4524713958810068 0.5813787375415282 0.4524713958810068 0.6735049833887043 0.40670480549199084 0.6735049833887043
0 0.5086384439359268 0.46360465116279065 0.576258581235698 0.46360465116279065 0.576258581235698 0.5391196013289037 0.5086384439359268 0.5391196013289037
0 0.5533524027459954 0.37601328903654485 0.5980892448512586 0.37601328903654485 0.5980892448512586 0.46963455149501654 0.5533524027459954 0.46963455149501654
0 0.35366132723112126 0.30654485049833885 0.4254233409610984 0.30654485049833885 0.4254233409610984 0.38355481727574753 0.35366132723112126 0.38355481727574753
0 0.264187643020595 0.04227574750830564 0.309954233409611 0.04227574750830564 0.309954233409611 0.1600498338870432 0.264187643020595 0.1600498338870432
0 0.298512585812357 0.3020265780730897 0.3526086956521739 0.3020265780730897 0.3526086956521739 0.4122591362126246 0.298512585812357 0.4122591362126246
0 0.2891647597254004 0.386594684385382 0.3339016018306636 0.386594684385382 0.3339016018306636 0.4771926910299003 0.2891647597254004 0.4771926910299003
0 0.17683066361556066 0.2522093023255814 0.2361212814645309 0.2522093023255814 0.2361212814645309 0.33676079734219266 0.17683066361556066 0.33676079734219266
0 0.11856979405034325 0.21443521594684387 0.2121853546910755 0.21443521594684387 0.2121853546910755 0.29898671096345514 0.11856979405034325 0.29898671096345514
0 0.030160183066361555 0.32014950166112954 0.10297482837528604 0.32014950166112954 0.10297482837528604 0.4167940199335548 0.030160183066361555 0.4167940199335548
0 0.28708237986270024 0.53156146179402 0.3453203661327231 0.53156146179402 0.3453203661327231 0.6206644518272425 0.28708237986270024 0.6206644518272425
0 0.3349313501144165 0.6010132890365448 0.3786155606407322 0.6010132890365448 0.3786155606407322 0.687093023255814 0.3349313501144165 0.687093023255814
0 0.21114416475972542 0.7414617940199336 0.2652402745995423 0.7414617940199336 0.2652402745995423 0.8366112956810631 0.21114416475972542 0.8366112956810631