1 0.6397343453510436 0.5135403050108932 0.814573055028463 0.5135403050108932 0.814573055028463 0.7282897603485838 0.6397343453510436 0.7282897603485838
1 0.2209392789373814 0.4979847494553377 0.4120398481973434 0.4979847494553377 0.4120398481973434 0.7189651416122004 0.2209392789373814 0.7189651416122004
0 0.4310151802656546 0.5306535947712419 0.4865939278937381 0.5306535947712419 0.4865939278937381 0.5788888888888889 0.4310151802656546 0.5788888888888889
0 0.3496774193548387 0.6006862745098038 0.3930550284629981 0.6006862745098038 0.3930550284629981 0.6738235294117647 0.3496774193548387 0.6738235294117647
0 0.3510436432637571 0.5337690631808278 0.3889943074003795 0.5337690631808278 0.3889943074003795 0.5835729847494554 0.3510436432637571 0.5835729847494554
0 0.23447817836812143 0.5913398692810458 0.2764895635673624 0.5913398692810458 0.2764895635673624 0.6598148148148147 0.23447817836812143 0.6598148148148147
0 0.314449715370019 0.7205119825708062 0.3835768500948767 0.7205119825708062 0.3835768500948767 0.7843246187363835 0.314449715370019 0.7843246187363835
0 0.3957685009487666 0.7625381263616557 0.4486337760910816 0.7625381263616557 0.4486337760910816 0.8356753812636166 0.3957685009487666 0.8356753812636166
0 0.6424478178368122 0.7983115468409586 0.6953130929791271 0.7983115468409586 0.6953130929791271 0.8839106753812636 0.6424478178368122 0.8839106753812636
0 0.69938330170778 0.7889869281045753 0.759022770398482 0.7889869281045753 0.759022770398482 0.8465686274509804 0.69938330170778 0.8465686274509804
0 0.7346204933586339 0.8605664488017429 0.7752846299810247 0.8605664488017429 0.7752846299810247 0.9212636165577343 0.7346204933586339 0.9212636165577343
0 0.7413851992409867 0.8247821350762528 0.7983111954459202 0.8247821350762528 0.7983111954459202 0.8761328976034859 0.7413851992409867 0.8761328976034859
0 0.8308444022770399 0.841884531590414 0.8864231499051233 0.841884531590414 0.8864231499051233 0.910359477124183 0.8308444022770399 0.910359477124183
0 0.9067457305502845 0.8481263616557735 0.9555313092979127 0.8481263616557735 0.9555313092979127 0.9243790849673204 0.9067457305502845 0.9243790849673204
0 0.9528273244781783 0.8278867102396514 0.9907779886148007 0.8278867102396514 0.9907779886148007 0.9041394335511983 0.9528273244781783 0.9041394335511983
0 0.8525426944971537 0.7080610021786492 0.9135294117647059 0.7080610021786492 0.9135294117647059 0.7625272331154684 0.8525426944971537 0.7625272331154684
0 0.9081024667931689 0.6738235294117646 0.9501138519924098 0.6738235294117646 0.9501138519924098 0.7469607843137255 0.9081024667931689 0.7469607843137255
0 0.9514705882352942 0.5944662309368192 0.9999905123339659 0.5944662309368192 0.9999905123339659 0.6489324618736384 0.9514705882352942 0.6489324618736384
0 0.8213567362428842 0.45752723311546845 0.885056925996205 0.45752723311546845 0.885056925996205 0.5135403050108932 0.8213567362428842 0.5135403050108932
0 0.6817552182163188 0.4310566448801743 0.7224193548387097 0.4310566448801743 0.7224193548387097 0.49796296296296294 0.6817552182163188 0.49796296296296294
0 0.510977229601518 0.5368736383442265 0.5855313092979126 0.5368736383442265 0.5855313092979126 0.5788997821350762 0.510977229601518 0.5788997821350762
0 0.5557115749525617 0.4917538126361656 0.6166982922201139 0.4917538126361656 0.6166982922201139 0.5493355119825708 0.5557115749525617 0.5493355119825708
0 0.6017836812144213 0.42795206971677563 0.6532827324478178 0.42795206971677563 0.6532827324478178 0.5042047930283224 0.6017836812144213 0.5042047930283224
0 0.30089184060721064 0.893235294117647 0.3727324478178368 0.893235294117647 0.3727324478178368 0.9570479302832243 0.30089184060721064 0.9570479302832243
0 0.11520872865275143 0.8963507625272331 0.1694212523719165 0.8963507625272331 0.1694212523719165 0.9648257080610021 0.11520872865275143 0.9648257080610021
0 0.03252371916508539 0.9010239651416122 0.09893738140417457 0.9010239651416122 0.09893738140417457 0.9554901960784313 0.03252371916508539 0.9554901960784313
0 0.012210626185958251 0.6380283224400872 0.07997153700189752 0.6380283224400872 0.07997153700189752 0.7127342047930283 0.012210626185958251 0.7127342047930283
0 0.028462998102466792 0.452843137254902 0.07590132827324478 0.452843137254902 0.07590132827324478 0.5306427015250544 0.028462998102466792 0.5306427015250544
0 0.1599335863377609 0.5306644880174293 0.2371821631878558 0.5306644880174293 0.2371821631878558 0.5711220043572985 0.1599335863377609 0.5711220043572985
0 0.04743833017077799 0.3174509803921568 0.10030360531309297 0.3174509803921568 0.10030360531309297 0.389041394335512 0.04743833017077799 0.389041394335512
0 0.013557874762808349 0.2365359477124183 0.08268500948766604 0.2365359477124183 0.08268500948766604 0.28633986928104577 0.013557874762808349 0.28633986928104577
0 0.0908159392789374 0.2567755991285403 0.17077798861480076 0.2567755991285403 0.17077798861480076 0.32213507625272336 0.0908159392789374 0.32213507625272336
0 0.08403225806451613 0.1073747276688453 0.12333017077798862 0.1073747276688453 0.12333017077798862 0.17584967320261438 0.08403225806451613 0.17584967320261438
0 0.11792220113851995 0.13226579520697168 0.16264705882352942 0.13226579520697168 0.16264705882352942 0.2038562091503268 0.11792220113851995 0.2038562091503268
0 0.1856925996204934 0.11669934640522875 0.24667931688804554 0.11669934640522875 0.24667931688804554 0.16961873638344224 0.1856925996204934 0.16961873638344224
0 0.29953510436432634 0.09649237472766885 0.3456261859582543 0.09649237472766885 0.3456261859582543 0.17740740740740743 0.29953510436432634 0.17740740740740743
0 0.403899430740038 0.0824727668845316 0.4906356736242884 0.0824727668845316 0.4906356736242884 0.15717864923747277 0.403899430740038 0.15717864923747277
0 0.43644212523719167 0.017124183006535947 0.5001423149905123 0.017124183006535947 0.5001423149905123 0.06535947712418301 0.43644212523719167 0.06535947712418301
0 0.49470588235294116 0.026459694989106754 0.5570588235294117 0.026459694989106754 0.5570588235294117 0.11205882352941177 0.49470588235294116 0.11205882352941177
0 0.38764705882352946 0.2116339869281046 0.4486337760910816 0.2116339869281046 0.4486337760910816 0.26610021786492377 0.38764705882352946 0.26610021786492377
0 0.22771347248576848 0.23031590413943356 0.3009013282732448 0.23031590413943356 0.3009013282732448 0.28323529411764703 0.22771347248576848 0.28323529411764703
0 0.27921252371916505 0.18674291938997822 0.325303605313093 0.18674291938997822 0.325303605313093 0.24898692810457515 0.27921252371916505 0.24898692810457515
0 0.22499051233396583 0.3174618736383442 0.28191650853889944 0.3174618736383442 0.28191650853889944 0.40149237472766885 0.22499051233396583 0.40149237472766885
0 0.29953510436432634 0.34545751633986926 0.3551138519924099 0.34545751633986926 0.3551138519924099 0.3983769063180828 0.29953510436432634 0.3983769063180828
0 0.32529411764705884 0.3003485838779957 0.386280834914611 0.3003485838779957 0.386280834914611 0.3766013071895425 0.32529411764705884 0.3766013071895425
0 0.3957779886148008 0.30499999999999994 0.45947817836812144 0.30499999999999994 0.45947817836812144 0.3579193899782135 0.3957779886148008 0.3579193899782135
0 0.48522770398481974 0.2427777777777778 0.5502941176470588 0.2427777777777778 0.5502941176470588 0.30968409586056644 0.48522770398481974 0.30968409586056644
0 0.34969639468690705 0.40149237472766885 0.4106831119544592 0.40149237472766885 0.4106831119544592 0.4870915032679739 0.34969639468690705 0.4870915032679739
0 0.6871821631878557 0.27234204793028327 0.7359677419354839 0.27234204793028327 0.7359677419354839 0.3501416122004357 0.6871821631878557 0.3501416122004357
0 0.7196963946869069 0.2552069716775599 0.7630740037950664 0.2552069716775599 0.7630740037950664 0.3159041394335512 0.7196963946869069 0.3159041394335512
0 0.7427514231499052 0.2832352941176471 0.7901897533206831 0.2832352941176471 0.7901897533206831 0.3501416122004357 0.7427514231499052 0.3501416122004357
0 0.58280834914611 0.20386710239651418 0.6343074003795066 0.20386710239651418 0.6343074003795066 0.25521786492374726 0.58280834914611 0.25521786492374726
0 0.6261764705882353 0.19607843137254902 0.6763282732447817 0.19607843137254902 0.6763282732447817 0.2661002178649237 0.6261764705882353 0.2661002178649237
0 0.5841650853889943 0.08714596949891068 0.6288899430740038 0.08714596949891068 0.6288899430740038 0.15250544662309368 0.5841650853889943 0.15250544662309368
0 0.6370303605313093 0.08869281045751634 0.6926091081593928 0.08869281045751634 0.6926091081593928 0.1493899782135076 0.6370303605313093 0.1493899782135076
0 0.7603605313092979 0.09493464052287583 0.8132258064516129 0.09493464052287583 0.8132258064516129 0.14628540305010893 0.7603605313092979 0.14628540305010893
0 0.6966698292220114 0.16185185185185186 0.7454554079696395 0.16185185185185186 0.7454554079696395 0.22721132897603488 0.6966698292220114 0.22721132897603488
0 0.7278273244781783 0.19450980392156864 0.7739184060721062 0.19450980392156864 0.7739184060721062 0.2661002178649237 0.7278273244781783 0.2661002178649237
0 0.9026755218216318 0.23030501089324618 0.9501138519924098 0.23030501089324618 0.9501138519924098 0.306557734204793 0.9026755218216318 0.306557734204793
0 0.8308444022770399 0.07624183006535949 0.8809962049335863 0.07624183006535949 0.8809962049335863 0.14471677559912854 0.8308444022770399 0.14471677559912854
0 0.8796394686907021 0.08091503267973857 0.9230170777988614 0.08091503267973857 0.9230170777988614 0.1571677559912854 0.8796394686907021 0.1571677559912854
0 0.9338519924098672 0.11049019607843139 0.9758633776091081 0.11049019607843139 0.9758633776091081 0.1743028322440087 0.9338519924098672 0.1743028322440087
0 0.7590037950664137 0.0015686274509803917 0.8281309297912712 0.0015686274509803917 0.8281309297912712 0.02801742919389978 0.7590037950664137 0.02801742919389978
0 0.6261859582542695 0.6675925925925926 0.677685009487666 0.6675925925925926 0.677685009487666 0.7314052287581699 0.6261859582542695 0.7314052287581699
0 0.676337760910816 0.6567102396514162 0.7427514231499052 0.6567102396514162 0.7427514231499052 0.715838779956427 0.676337760910816 0.715838779956427
0 0.777988614800759 0.6100326797385621 0.825426944971537 0.6100326797385621 0.825426944971537 0.6504901960784315 0.777988614800759 0.6504901960784315
0 0.7657779886148007 0.5166557734204793 0.8213567362428842 0.5166557734204793 0.8213567362428842 0.5742374727668845 0.7657779886148007 0.5742374727668845
0 0.6925901328273245 0.5151089324618736 0.7522296015180264 0.5151089324618736 0.7522296015180264 0.5602287581699346 0.6925901328273245 0.5602287581699346