0 0.872465034965035 0.15611475409836068 0.9723601398601399 0.15611475409836068 0.9723601398601399 0.2841475409836065 0.872465034965035 0.2841475409836065
0 0.8191783216783217 0.46683606557377055 0.9457167832167833 0.46683606557377055 0.9457167832167833 0.6010983606557377 0.8191783216783217 0.6010983606557377
0 0.7991958041958043 0.6697868852459016 0.9456993006993007 0.6697868852459016 0.9456993006993007 0.7728360655737705 0.7991958041958043 0.7728360655737705
0 0.8941083916083916 0.7697049180327868 0.9856818181818183 0.7697049180327868 0.9856818181818183 0.883672131147541 0.8941083916083916 0.883672131147541
0 0.77256993006993 0.7431803278688525 0.8658216783216783 0.7431803278688525 0.8658216783216783 0.849344262295082 0.77256993006993 0.849344262295082
0 0.6593356643356643 0.7790819672131147 0.7891958041958042 0.7790819672131147 0.7891958041958042 0.8696393442622952 0.6593356643356643 0.8696393442622952
0 0.6976573426573427 0.8477868852459017 0.8275174825174825 0.8477868852459017 0.8275174825174825 0.9430327868852459 0.6976573426573427 0.9430327868852459
0 0.6160489510489511 0.8836885245901639 0.7043006993006993 0.8836885245901639 0.7043006993006993 0.9851639344262296 0.6160489510489511 0.9851639344262296
0 0.5511363636363636 0.7041311475409836 0.6676748251748251 0.7041311475409836 0.6676748251748251 0.7946885245901639 0.5511363636363636 0.7946885245901639
0 0.3396503496503496 0.7306721311475409 0.4379020979020979 0.7306721311475409 0.4379020979020979 0.8571311475409836 0.3396503496503496 0.8571311475409836
0 0.40624125874125877 0.8571475409836066 0.5078146853146853 0.8571475409836066 0.5078146853146853 0.972688524590164 0.40624125874125877 0.972688524590164
0 0.2547202797202798 0.9352131147540984 0.3879370629370629 0.9352131147540984 0.3879370629370629 1 0.2547202797202798 1
0 0.2197727272727273 0.765016393442623 0.33966783216783214 0.765016393442623 0.33966783216783214 0.8789836065573772 0.2197727272727273 0.8789836065573772
0 0.35631118881118884 0.5682950819672131 0.4562062937062937 0.5682950819672131 0.4562062937062937 0.6994426229508197 0.35631118881118884 0.6994426229508197
0 0.22475524475524475 0.5792295081967214 0.3313286713286713 0.5792295081967214 0.3313286713286713 0.6963114754098361 0.22475524475524475 0.6963114754098361
0 0.15650349650349646 0.6791639344262296 0.29468531468531467 0.6791639344262296 0.29468531468531467 0.755655737704918 0.15650349650349646 0.755655737704918
0 0.12321678321678323 0.7837704918032787 0.2381118881118881 0.7837704918032787 0.2381118881118881 0.8977377049180328 0.12321678321678323 0.8977377049180328
0 0.0233041958041958 0.513655737704918 0.14152097902097902 0.513655737704918 0.14152097902097902 0.6151311475409835 0.0233041958041958 0.6151311475409835
0 0.24475524475524477 0.4652622950819672 0.35797202797202793 0.4652622950819672 0.35797202797202793 0.5417540983606557 0.24475524475524477 0.5417540983606557
0 0.3762937062937063 0.3575409836065574 0.5327972027972028 0.3575409836065574 0.5327972027972028 0.4574754098360656 0.3762937062937063 0.4574754098360656
0 0.27307692307692305 0.2841475409836065 0.402937062937063 0.2841475409836065 0.402937062937063 0.37159016393442623 0.27307692307692305 0.37159016393442623
0 0.09155594405594406 0.2451311475409836 0.21145104895104894 0.2451311475409836 0.21145104895104894 0.3481803278688525 0.09155594405594406 0.3481803278688525
0 0.009982517482517484 0.40750819672131144 0.16484265734265732 0.40750819672131144 0.16484265734265732 0.4808852459016393 0.009982517482517484 0.4808852459016393
0 0.019982517482517483 0.33413114754098366 0.1481993006993007 0.33413114754098366 0.1481993006993007 0.4153114754098361 0.019982517482517483 0.4153114754098361
0 0.23309440559440556 0.06401639344262294 0.3496328671328672 0.06401639344262294 0.3496328671328672 0.1592622950819672 0.23309440559440556 0.1592622950819672
0 0.4079195804195804 0.051524590163934424 0.5261363636363636 0.051524590163934424 0.5261363636363636 0.1451967213114754 0.4079195804195804 0.1451967213114754
1 0.47952797202797204 0.09524590163934428 0.807534965034965 0.09524590163934428 0.807534965034965 0.42468852459016393 0.47952797202797204 0.42468852459016393
0 0.529493006993007 0.0109344262295082 0.6193881118881118 0.0109344262295082 0.6193881118881118 0.1295901639344262 0.529493006993007 0.1295901639344262
0 0.06325174825174826 0.10929508196721309 0.17814685314685316 0.10929508196721309 0.17814685314685316 0.22172131147540983 0.06325174825174826 0.22172131147540983
1 -0.000017482517482520217 0.12803278688524591 0.0665909090909091 0.12803278688524591 0.0665909090909091 0.36691803278688523 -0.000017482517482520217 0.36691803278688523