1 0.6682464454976303 0.3399778270509978 0.8862559241706162 0.3399778270509978 0.8862559241706162 0.5484035476718404 0.6682464454976303 0.5484035476718404
1 0.14533175355450237 0.32225055432372507 0.3822985781990521 0.32225055432372507 0.3822985781990521 0.5336252771618625 0.14533175355450237 0.5336252771618625
0 0.17535545023696683 0.2749445676274945 0.24644549763033174 0.2749445676274945 0.24644549763033174 0.35033259423503327 0.17535545023696683 0.35033259423503327
0 0.1848341232227488 0.1478270509977827 0.27488151658767773 0.1478270509977827 0.27488151658767773 0.2143458980044346 0.1848341232227488 0.2143458980044346
0 0.22906398104265402 0.19363636363636363 0.31752369668246444 0.19363636363636363 0.31752369668246444 0.24685144124168515 0.22906398104265402 0.24685144124168515
0 0.21642180094786728 0.008880266075388032 0.3064691943127962 0.008880266075388032 0.3064691943127962 0.0694789356984479 0.21642180094786728 0.0694789356984479
0 0.26541469194312794 0.045820399113082035 0.3396563981042654 0.045820399113082035 0.3396563981042654 0.11528824833702882 0.26541469194312794 0.11528824833702882
0 0.33648104265402845 0.10199556541019955 0.4044194312796209 0.10199556541019955 0.4044194312796209 0.18625277161862527 0.33648104265402845 0.18625277161862527
0 0.428127962085308 0.11972283813747228 0.489739336492891 0.11972283813747228 0.489739336492891 0.2010310421286031 0.428127962085308 0.2010310421286031
0 0.4881516587677725 0.05470066518847007 0.5497630331753555 0.05470066518847007 0.5497630331753555 0.12121951219512196 0.4881516587677725 0.12121951219512196
0 0.5513388625592417 0.10199556541019955 0.633495260663507 0.10199556541019955 0.633495260663507 0.164079822616408 0.5513388625592417 0.164079822616408
0 0.6397985781990522 0.16111973392461196 0.7361729857819904 0.16111973392461196 0.7361729857819904 0.21728381374722838 0.6397985781990522 0.21728381374722838
0 0.6745616113744075 0.12417960088691797 0.763021327014218 0.12417960088691797 0.763021327014218 0.17147450110864748 0.6745616113744075 0.17147450110864748
0 0.685627962085308 0.06650776053215077 0.7598696682464455 0.06650776053215077 0.7598696682464455 0.13451219512195123 0.685627962085308 0.13451219512195123
0 0.6998459715639811 0.24981152993348119 0.7725236966824645 0.24981152993348119 0.7725236966824645 0.34145232815964527 0.6998459715639811 0.34145232815964527
0 0.4218009478672986 0.2010310421286031 0.5023696682464455 0.2010310421286031 0.5023696682464455 0.26460088691796013 0.4218009478672986 0.26460088691796013
0 0.4881516587677725 0.23504434589800444 0.5781990521327014 0.23504434589800444 0.5781990521327014 0.2956430155210643 0.4881516587677725 0.2956430155210643
0 0.4470734597156398 0.3311197339246119 0.5387085308056873 0.3311197339246119 0.5387085308056873 0.3946895787139689 0.4470734597156398 0.3946895787139689
0 0.541872037914692 0.3458980044345898 0.5987440758293838 0.3458980044345898 0.5987440758293838 0.4079822616407982 0.541872037914692 0.4079822616407982
0 0.6018838862559241 0.3857982261640798 0.6650829383886255 0.3857982261640798 0.6650829383886255 0.4449334811529934 0.6018838862559241 0.4449334811529934
0 0.27330568720379145 0.2793791574279379 0.36020142180094783 0.2793791574279379 0.36020142180094783 0.3370288248337029 0.27330568720379145 0.3370288248337029
0 0.03002369668246446 0.3030266075388026 0.10585308056872038 0.3030266075388026 0.10585308056872038 0.38876940133037696 0.03002369668246446 0.38876940133037696
0 0.07740521327014217 0.4005875831485588 0.17377962085308057 0.4005875831485588 0.17377962085308057 0.4611862527716186 0.07740521327014217 0.4611862527716186
0 0.11531990521327014 0.48335920177383596 0.20377962085308057 0.48335920177383596 0.20377962085308057 0.5557982261640799 0.11531990521327014 0.5557982261640799
0 0.17060426540284362 0.5129379157427938 0.24328199052132699 0.5129379157427938 0.24328199052132699 0.607549889135255 0.17060426540284362 0.607549889135255
0 0.2543483412322275 0.4907538802660754 0.3128080568720379 0.4907538802660754 0.3128080568720379 0.6016186252771619 0.2543483412322275 0.6016186252771619
0 0.30964454976303313 0.47302660753880266 0.3759952606635071 0.47302660753880266 0.3759952606635071 0.5646674057649668 0.30964454976303313 0.5646674057649668
0 0.34913507109004743 0.37990022172949006 0.4565521327014218 0.37990022172949006 0.4565521327014218 0.4449334811529933 0.34913507109004743 0.4449334811529933
0 0.4455094786729858 0.5277050997782705 0.5055331753554502 0.5277050997782705 0.5055331753554502 0.6045787139689579 0.4455094786729858 0.6045787139689579
0 0.5070971563981043 0.46710643015521064 0.5608175355450238 0.46710643015521064 0.5608175355450238 0.5572838137472284 0.5070971563981043 0.5572838137472284
0 0.3491232227488152 0.5676385809312638 0.4344312796208531 0.5676385809312638 0.4344312796208531 0.6326718403547673 0.3491232227488152 0.6326718403547673
0 0.27014218009478674 0.6622283813747227 0.35545023696682465 0.6622283813747227 0.35545023696682465 0.7316962305986696 0.27014218009478674 0.7316962305986696
0 0.26855450236966827 0.6134478935698447 0.3538625592417062 0.6134478935698447 0.3538625592417062 0.6651773835920177 0.26855450236966827 0.6651773835920177
0 0.1895734597156398 0.733181818181818 0.26540284360189575 0.733181818181818 0.26540284360189575 0.8070842572062085 0.1895734597156398 0.8070842572062085
0 -0.00001184834123222934 0.9120509977827052 0.06792654028436018 0.9120509977827052 0.06792654028436018 0.984490022172949 -0.00001184834123222934 0.984490022172949
0 0.21643364928909956 0.8292682926829268 0.28593601895734594 0.8292682926829268 0.28593601895734594 0.9046563192904656 0.21643364928909956 0.9046563192904656
0 0.28911137440758294 0.851430155210643 0.3823104265402843 0.851430155210643 0.3823104265402843 0.9105654101995565 0.28911137440758294 0.9105654101995565
0 0.2575118483412322 0.9194456762749446 0.3665165876777251 0.9194456762749446 0.3665165876777251 0.9726607538802661 0.2575118483412322 0.9726607538802661
0 0.5086848341232229 0.9016962305986695 0.5829265402843602 0.9016962305986695 0.5829265402843602 0.9889024390243902 0.5086848341232229 0.9889024390243902
0 0.5197393364928911 0.8351773835920177 0.6003080568720379 0.8351773835920177 0.6003080568720379 0.9046452328159645 0.5197393364928911 0.9046452328159645
0 0.5940047393364929 0.8070953436807096 0.6650947867298579 0.8070953436807096 0.6650947867298579 0.8913525498891353 0.5940047393364929 0.8913525498891353
0 0.786718009478673 0.8499667405764968 0.8451777251184833 0.8499667405764968 0.8451777251184833 0.9268403547671841 0.786718009478673 0.9268403547671841
0 0.8878436018957346 0.8100554323725055 0.9636729857819906 0.8100554323725055 0.9636729857819906 0.9016962305986697 0.8878436018957346 0.9016962305986697
0 0.5592535545023697 0.6504101995565411 0.642973933649289 0.6504101995565411 0.642973933649289 0.7361529933481152 0.5592535545023697 0.7361529933481152
0 0.5845142180094787 0.5676164079822615 0.6587559241706161 0.5676164079822615 0.6587559241706161 0.6444900221729489 0.5845142180094787 0.6444900221729489
0 0.6824644549763034 0.5484146341463415 0.7535545023696683 0.5484146341463415 0.7535545023696683 0.6311862527716187 0.6824644549763034 0.6311862527716187
0 0.8167417061611374 0.5543348115299336 0.9099407582938389 0.5543348115299336 0.9099407582938389 0.6193680709534369 0.8167417061611374 0.6193680709534369
0 0.8483530805687204 0.4671064301552107 0.9368127962085309 0.4671064301552107 0.9368127962085309 0.5365742793791575 0.8483530805687204 0.5365742793791575
0 0.8704620853080568 0.43015521064301554 0.9494431279620854 0.43015521064301554 0.9494431279620854 0.48337028824833705 0.8704620853080568 0.48337028824833705
0 0.9368127962085309 0.3784146341463415 1.0000118483412321 0.3784146341463415 1.0000118483412321 0.4567516629711752 0.9368127962085309 0.4567516629711752
0 0.8925829383886257 0.3089467849223947 0.9589336492890995 0.3089467849223947 0.9589336492890995 0.39171840354767185 0.8925829383886257 0.39171840354767185
0 0.7740876777251186 0.276430155210643 0.8372867298578198 0.276430155210643 0.8372867298578198 0.3651219512195122 0.7740876777251186 0.3651219512195122
0 0.8277962085308056 0.2956430155210643 0.8941469194312796 0.2956430155210643 0.8941469194312796 0.37841463414634147 0.8277962085308056 0.37841463414634147
0 0.6793127962085308 0.42573170731707316 0.7267061611374408 0.42573170731707316 0.7267061611374408 0.486330376940133 0.6793127962085308 0.486330376940133
0 0.733021327014218 0.7183924611973392 0.7977843601895735 0.7183924611973392 0.7977843601895735 0.8041352549889135 0.733021327014218 0.8041352549889135
0 0.6398222748815166 0.7065742793791575 0.7188033175355452 0.7065742793791575 0.7188033175355452 0.7923170731707316 0.6398222748815166 0.7923170731707316