0 0.4638834951456311 0.15568681318681318 0.5825242718446602 0.15568681318681318 0.5825242718446602 0.4075 0.4638834951456311 0.4075
0 0.3425242718446602 0.23354395604395606 0.5488349514563107 0.23354395604395606 0.5488349514563107 0.37700549450549453 0.3425242718446602 0.37700549450549453
0 0.23730582524271843 -0.000027472527472541526 0.3761893203883495 -0.000027472527472541526 0.3761893203883495 0.18771978021978022 0.23730582524271843 0.18771978021978022
0 0.8319660194174757 0 0.9999757281553399 0 0.9999757281553399 0.0656043956043956 0.8319660194174757 0.0656043956043956
0 0.12271844660194176 0.34645604395604396 0.2669902912621359 0.34645604395604396 0.2669902912621359 0.5067307692307692 0.12271844660194176 0.5067307692307692
0 0.30206310679611653 0.3739010989010989 0.5245388349514564 0.3739010989010989 0.5245388349514564 0.4868681318681319 0.30206310679611653 0.4868681318681319
1 0.4315048543689321 0.26862637362637365 0.9142233009708739 0.26862637362637365 0.9142233009708739 0.818076923076923 0.4315048543689321 0.818076923076923
0 0.5663349514563106 0.29914835164835163 0.780752427184466 0.29914835164835163 0.780752427184466 0.4410714285714286 0.5663349514563106 0.4410714285714286
0 0.7969174757281553 0.3678021978021978 0.9964805825242719 0.3678021978021978 0.9964805825242719 0.49142857142857144 0.7969174757281553 0.49142857142857144
0 0.8238834951456312 0.5647252747252748 1 0.5647252747252748 1 0.7402197802197802 0.8238834951456312 0.7402197802197802
0 0.7591747572815535 0.671565934065934 0.9020873786407767 0.671565934065934 0.9020873786407767 0.897445054945055 0.7591747572815535 0.897445054945055
0 0.6715291262135923 0.7234615384615386 0.8333252427184465 0.7234615384615386 0.8333252427184465 0.9691758241758242 0.6715291262135923 0.9691758241758242
0 0.539368932038835 0.7142582417582418 0.6701456310679612 0.7142582417582418 0.6701456310679612 0.9844230769230771 0.539368932038835 0.9844230769230771
0 0.4368932038834951 0.6608791208791209 0.5676699029126213 0.6608791208791209 0.5676699029126213 0.9112087912087913 0.4368932038834951 0.9112087912087913
0 0.2980097087378641 0.4746703296703297 0.5137378640776699 0.4746703296703297 0.5137378640776699 0.6379670329670329 0.2980097087378641 0.6379670329670329
0 0.22652912621359222 0.7386813186813187 0.39240291262135923 0.7386813186813187 0.39240291262135923 0.9737362637362639 0.22652912621359222 0.9737362637362639
0 0.058009708737864076 0.5815109890109889 0.21441747572815534 0.5815109890109889 0.21441747572815534 0.848598901098901 0.058009708737864076 0.848598901098901