0 0.7187777777777777 0.0855672268907563 0.9656666666666668 0.0855672268907563 0.9656666666666668 0.1945168067226891 0.7187777777777777 0.1945168067226891
0 0.49377777777777776 0.20384453781512604 0.7626666666666667 0.20384453781512604 0.7626666666666667 0.30968487394957983 0.49377777777777776 0.30968487394957983
0 0.6858888888888889 0.23031512605042015 0.8779629629629631 0.23031512605042015 0.8779629629629631 0.378172268907563 0.6858888888888889 0.378172268907563
0 0.08233333333333334 0.47308823529411764 0.36492592592592593 0.47308823529411764 0.36492592592592593 0.6193487394957983 0.08233333333333334 0.6193487394957983
0 0.3456666666666667 0.6178151260504201 0.5870740740740741 0.6178151260504201 0.5870740740740741 0.7173949579831932 0.3456666666666667 0.7173949579831932
0 0.5212222222222221 0.6178151260504201 0.6392222222222222 0.6178151260504201 0.6392222222222222 0.7500840336134454 0.5212222222222221 0.7500840336134454
0 0.5459259259259259 0.7594327731092437 0.7352592592592593 0.7594327731092437 0.7352592592592593 0.8901470588235295 0.5459259259259259 0.8901470588235295
0 0.5733703703703704 0.683172268907563 0.7187777777777777 0.683172268907563 0.7187777777777777 0.7718697478991597 0.5733703703703704 0.7718697478991597
0 0.41155555555555556 0.7034033613445378 0.5597037037037037 0.7034033613445378 0.5597037037037037 0.848109243697479 0.41155555555555556 0.848109243697479
0 0.2771111111111111 0.7034033613445378 0.48288888888888887 0.7034033613445378 0.48288888888888887 0.7874369747899159 0.2771111111111111 0.7874369747899159
0 0.26881481481481484 0.8278991596638656 0.4691111111111111 0.8278991596638656 0.4691111111111111 0.9897478991596639 0.26881481481481484 0.9897478991596639